z_rho
-997.5
-992.5
-987.5
-982.5
-977.5
-972.5
-967.5
-962.5
-957.5
-952.5
-947.5
-942.5
-937.5
-932.5
-927.5
-922.5
-917.5
-912.5
-907.5
-902.5
-897.5
-892.5
-887.5
-882.5
-877.5
-872.5
-867.5
-862.5
-857.5
-852.5
-847.5
-842.5
-837.5
-832.5
-827.5
-822.5
-817.5
-812.5
-807.5
-802.5
-797.5
-792.5
-787.5
-782.5
-777.5
-772.5
-767.5
-762.5
-757.5
-752.5
-747.5
-742.5
-737.5
-732.5
-727.5
-722.5
-717.5
-712.5
-707.5
-702.5
-697.5
-692.5
-687.5
-682.5
-677.5
-672.5
-667.5
-662.5
-657.5
-652.5
-647.5
-642.5
-637.5
-632.5
-627.5
-622.5
-617.5
-612.5
-607.5
-602.5
-597.5
-592.5
-587.5
-582.5
-577.5
-572.5
-567.5
-562.5
-557.5
-552.5
-547.5
-542.5
-537.5
-532.5
-527.5
-522.5
-517.5
-512.5
-507.5
-502.5
-497.5
-492.5
-487.5
-482.5
-477.5
-472.5
-467.5
-462.5
-457.5
-452.5
-447.5
-442.5
-437.5
-432.5
-427.5
-422.5
-417.5
-412.5
-407.5
-402.5
-397.5
-392.5
-387.5
-382.5
-377.5
-372.5
-367.5
-362.5
-357.5
-352.5
-347.5
-342.5
-337.5
-332.5
-327.5
-322.5
-317.5
-312.5
-307.5
-302.5
-297.5
-292.5
-287.5
-282.5
-277.5
-272.5
-267.5
-262.5
-257.5
-252.5
-247.5
-242.5
-237.5
-232.5
-227.5
-222.5
-217.5
-212.5
-207.5
-202.5
-197.5
-192.5
-187.5
-182.5
-177.5
-172.5
-167.5
-162.5
-157.5
-152.5
-147.5
-142.5
-137.5
-132.5
-127.5
-122.5
-117.5
-112.5
-107.5
-102.5
-97.5
-92.5
-87.5
-82.5
-77.5
-72.5
-67.5
-62.5
-57.5
-52.5
-47.5
-42.5
-37.5
-32.5
-27.5
-22.5
-17.5
-12.5
-7.5
-2.5
86400.0
Temperature:
9.0
9.0
8.999999999999998
9.000000000000002
9.0
9.000000000000009
9.00000000000001
9.000000000000005
9.000000000000005
9.0
8.999999999999998
8.999999999999998
9.000000000000005
9.000000000000009
9.000000000000007
9.000000000000005
9.000000000000007
9.000000000000007
9.000000000000004
9.000000000000005
8.999999999999996
9.000000000000004
9.000000000000007
9.000000000000005
9.000000000000009
9.000000000000002
8.999999999999996
9.0
8.999999999999998
8.999999999999995
8.999999999999998
9.0
9.000000000000002
9.000000000000007
9.000000000000005
9.000000000000007
9.000000000000002
9.000000000000014
9.000000000000014
9.000000000000005
9.000000000000005
9.000000000000004
9.00000000000001
8.999999999999998
8.999999999999991
8.999999999999988
8.999999999999993
8.999999999999993
9.0
9.000000000000002
9.0
9.000000000000002
8.999999999999996
8.999999999999995
8.999999999999991
8.999999999999996
8.999999999999991
8.999999999999984
8.999999999999986
8.99999999999999
8.999999999999998
9.000000000000002
9.000000000000005
9.00000000000001
9.000000000000012
9.000000000000009
9.000000000000007
9.000000000000002
9.000000000000002
8.999999999999995
8.999999999999993
8.999999999999996
9.000000000000002
9.000000000000002
8.999999999999993
8.999999999999998
8.999999999999993
8.999999999999995
9.000000000000002
9.000000000000004
9.0
8.999999999999995
8.999999999999986
8.999999999999993
8.999999999999998
9.000000000000005
9.000000000000004
9.000000000000004
8.999999999999993
8.999999999999996
9.0
9.000000000000004
9.000000000000002
9.000000000000004
9.0
9.0
9.000000000000002
9.000000000000002
9.000000000000014
9.00000000000002
9.000000000000014
9.000000000000018
9.000000000000009
9.000000000000002
8.999999999999996
8.999999999999991
8.999999999999986
8.999999999999995
8.999999999999995
8.999999999999996
9.0
9.000000000000002
9.000000000000002
9.000000000000005
9.000000000000005
9.000000000000002
9.000000000000004
9.000000000000007
9.000000000000005
9.000000000000004
9.000000000000005
9.000000000000004
9.0
8.999999999999996
9.0
9.000000000000002
9.0
8.999999999999998
9.0
9.000000000000009
9.000000000000007
9.000000000000002
9.0
9.0
9.000000000000002
8.999999999999996
8.999999999999995
9.000000000000004
8.999999999999996
8.999999999999998
8.999999999999995
8.999999999999993
8.999999999999993
8.99999999999999
8.99999999999999
8.999999999999988
8.999999999999991
8.999999999999995
8.999999999999996
8.999999999999996
8.999999999999996
9.000000000000004
9.000000000000005
9.000000000000009
9.000000000000014
9.000000000000009
9.000000000000009
9.000000000000014
9.00000000000001
9.000000000000004
9.000000000000005
8.999999999999996
9.0
9.000000000000004
9.000000000000005
9.000000000000005
9.000000000000004
9.000000000000005
9.000000000000002
9.0
8.999999999999998
9.000000000000004
9.00000000000001
9.00000000000005
9.000000000000167
9.000000000000492
9.000000000001389
9.000000000003702
9.00000000000937
9.00000000002252
9.000000000051454
9.000000000111958
9.000000000233642
9.000000000476305
9.000000001015701
9.000000002463311
9.000000007882507
9.000000046621102
9.00000100306561
9.0002400137391
9.500198872588966
10.499997380634994
11.499997593997081
12.49999780649645
13.499998434172168
14.502735588731559
14.979418172503099
14.978811096478324
14.977905649822636
14.97602697915225
Salinity:
35.0
34.99999999999998
34.999999999999964
34.99999999999989
34.999999999999915
34.999999999999936
34.99999999999997
34.999999999999986
34.99999999999999
34.99999999999999
35.00000000000001
35.000000000000014
35.00000000000005
35.00000000000008
35.000000000000064
35.00000000000004
35.000000000000014
35.00000000000002
35.00000000000002
35.00000000000001
34.99999999999999
35.000000000000036
35.000000000000064
35.00000000000005
35.00000000000007
35.000000000000064
35.00000000000003
35.000000000000014
35.0
34.999999999999986
34.99999999999998
34.99999999999997
34.99999999999997
34.999999999999964
34.99999999999998
35.00000000000001
35.00000000000002
35.00000000000003
35.00000000000004
35.00000000000003
34.99999999999999
34.999999999999964
34.99999999999999
34.99999999999995
34.99999999999995
34.99999999999996
34.999999999999986
34.999999999999986
35.00000000000001
35.0
34.99999999999999
34.99999999999999
34.99999999999999
34.99999999999999
34.99999999999998
34.999999999999964
34.99999999999996
34.999999999999936
34.999999999999936
34.999999999999964
34.99999999999998
34.99999999999998
34.99999999999999
35.00000000000003
35.00000000000002
35.0
34.999999999999964
34.99999999999995
34.999999999999964
34.99999999999998
34.99999999999996
35.0
35.000000000000036
35.00000000000002
35.0
35.0
34.99999999999999
35.000000000000014
35.00000000000001
35.000000000000036
35.00000000000003
35.0
34.999999999999986
34.99999999999999
35.00000000000003
35.00000000000003
35.0
35.000000000000014
35.0
34.999999999999986
34.99999999999999
35.0
34.999999999999986
34.99999999999998
34.999999999999986
34.999999999999964
34.99999999999997
34.99999999999999
35.000000000000014
35.00000000000004
35.00000000000006
35.00000000000005
35.00000000000003
35.0
34.99999999999999
34.99999999999998
34.99999999999995
34.99999999999997
34.99999999999998
34.99999999999997
34.999999999999964
34.99999999999998
34.999999999999964
34.99999999999995
34.999999999999964
34.999999999999964
34.99999999999996
34.999999999999986
34.999999999999986
34.999999999999964
34.99999999999997
34.99999999999999
35.00000000000001
35.000000000000014
35.00000000000002
35.00000000000002
35.00000000000002
35.00000000000003
35.00000000000003
35.00000000000001
35.0
35.0
34.99999999999998
34.999999999999986
34.99999999999997
34.99999999999998
35.0
35.00000000000004
35.000000000000036
35.000000000000014
35.00000000000001
34.99999999999999
34.99999999999997
34.999999999999964
34.99999999999997
35.000000000000014
35.000000000000014
35.000000000000014
35.000000000000036
35.000000000000014
35.0
35.00000000000002
35.000000000000014
35.00000000000003
35.000000000000036
35.0
35.000000000000014
35.00000000000001
34.99999999999999
34.99999999999998
34.99999999999997
34.99999999999998
34.999999999999986
34.99999999999999
34.999999999999986
34.99999999999999
34.99999999999999
35.00000000000001
35.00000000000002
35.00000000000001
35.00000000000001
35.00000000000002
35.00000000000001
35.00000000000001
35.00000000000002
35.00000000000003
35.00000000000001
34.99999999999999
35.0
35.00000000000001
34.99999999999999
34.999999999999964
34.999999999999964
34.99999999999999
35.00000000000001
35.00000000000001
35.00000000000001
34.999999999999986
34.99999999999997
35.000000000000014
35.0000000000001
35.000000000000135
34.99999999999962
35.00000000000014
34.99999999999967
34.99999999999996
35.0
35.0
35.00000000000001
35.00000000000001
U Velocity:
0.0
0.0
0.0
0.0
0.0
0.0
0.0
0.0
0.0
0.0
0.0
0.0
0.0
0.0
0.0
0.0
0.0
0.0
0.0
0.0
0.0
0.0
0.0
0.0
0.0
0.0
0.0
0.0
0.0
0.0
0.0
0.0
0.0
0.0
0.0
0.0
0.0
0.0
0.0
0.0
0.0
0.0
0.0
0.0
0.0
0.0
0.0
0.0
0.0
0.0
0.0
0.0
0.0
0.0
0.0
0.0
0.0
0.0
0.0
0.0
0.0
0.0
0.0
0.0
0.0
0.0
0.0
0.0
0.0
0.0
0.0
0.0
0.0
0.0
0.0
0.0
0.0
0.0
0.0
0.0
0.0
0.0
0.0
0.0
0.0
0.0
0.0
0.0
0.0
0.0
0.0
0.0
0.0
0.0
0.0
0.0
0.0
0.0
0.0
0.0
0.0
0.0
0.0
0.0
0.0
0.0
0.0
0.0
0.0
0.0
0.0
0.0
0.0
0.0
0.0
0.0
0.0
0.0
0.0
0.0
0.0
0.0
0.0
0.0
0.0
0.0
0.0
0.0
0.0
0.0
0.0
0.0
0.0
0.0
0.0
0.0
0.0
0.0
0.0
0.0
0.0
0.0
0.0
0.0
0.0
0.0
0.0
0.0
0.0
0.0
0.0
0.0
0.0
0.0
0.0
0.0
0.0
0.0
0.0
0.0
0.0
0.0
0.0
0.0
0.0
0.0
0.0
0.0
0.0
0.0
0.0
0.0
0.0
0.0
0.0
0.0
0.0
0.0
0.0
0.0
0.0
0.0
0.0
0.0
0.0
0.0
0.0
0.0
0.0
0.0
0.0
0.0
0.0
0.0
0.0
0.0
0.0
0.0
0.0
0.0
V Velocity:
0.0
0.0
0.0
0.0
0.0
0.0
0.0
0.0
0.0
0.0
0.0
0.0
0.0
0.0
0.0
0.0
0.0
0.0
0.0
0.0
0.0
0.0
0.0
0.0
0.0
0.0
0.0
0.0
0.0
0.0
0.0
0.0
0.0
0.0
0.0
0.0
0.0
0.0
0.0
0.0
0.0
0.0
0.0
0.0
0.0
0.0
0.0
0.0
0.0
0.0
0.0
0.0
0.0
0.0
0.0
0.0
0.0
0.0
0.0
0.0
0.0
0.0
0.0
0.0
0.0
0.0
0.0
0.0
0.0
0.0
0.0
0.0
0.0
0.0
0.0
0.0
0.0
0.0
0.0
0.0
0.0
0.0
0.0
0.0
0.0
0.0
0.0
0.0
0.0
0.0
0.0
0.0
0.0
0.0
0.0
0.0
0.0
0.0
0.0
0.0
0.0
0.0
0.0
0.0
0.0
0.0
0.0
0.0
0.0
0.0
0.0
0.0
0.0
0.0
0.0
0.0
0.0
0.0
0.0
0.0
0.0
0.0
0.0
0.0
0.0
0.0
0.0
0.0
0.0
0.0
0.0
0.0
0.0
0.0
0.0
0.0
0.0
0.0
0.0
0.0
0.0
0.0
0.0
0.0
0.0
0.0
0.0
0.0
0.0
0.0
0.0
0.0
0.0
0.0
0.0
0.0
0.0
0.0
0.0
0.0
0.0
0.0
0.0
0.0
0.0
0.0
0.0
0.0
0.0
0.0
0.0
0.0
0.0
0.0
0.0
0.0
0.0
0.0
0.0
0.0
0.0
0.0
0.0
0.0
0.0
0.0
0.0
0.0
0.0
0.0
0.0
0.0
0.0
0.0
0.0
0.0
0.0
0.0
0.0
0.0
172800.0
Temperature:
9.0
9.0
8.999999999999998
8.999999999999991
8.999999999999993
8.999999999999996
9.0
9.000000000000004
9.000000000000004
8.999999999999996
9.0
9.000000000000004
9.000000000000004
9.000000000000004
9.000000000000007
9.00000000000001
9.000000000000005
9.000000000000004
9.00000000000001
9.000000000000002
8.999999999999991
8.99999999999999
8.999999999999993
8.999999999999995
8.999999999999993
8.999999999999993
8.999999999999996
8.999999999999995
8.999999999999993
8.999999999999998
9.000000000000004
9.0
9.000000000000002
9.000000000000004
9.000000000000009
9.00000000000001
9.000000000000009
9.000000000000012
9.000000000000014
9.000000000000012
9.000000000000005
8.999999999999998
8.99999999999999
8.999999999999991
8.999999999999993
9.0
9.000000000000002
9.000000000000002
9.0
8.999999999999993
8.999999999999995
8.999999999999993
8.99999999999999
8.999999999999986
8.999999999999988
8.99999999999998
8.99999999999998
8.999999999999979
8.999999999999977
8.999999999999986
8.999999999999993
8.99999999999999
9.0
9.000000000000009
9.000000000000007
9.000000000000004
9.000000000000004
9.000000000000004
8.999999999999998
8.999999999999991
8.999999999999991
8.999999999999996
9.000000000000002
9.000000000000004
8.999999999999996
8.999999999999988
8.999999999999993
8.999999999999993
8.999999999999993
8.999999999999986
8.999999999999986
8.999999999999991
8.999999999999991
8.99999999999998
8.999999999999986
8.99999999999999
8.999999999999988
8.999999999999993
8.999999999999995
9.000000000000002
9.000000000000004
8.999999999999996
8.999999999999998
9.000000000000004
9.00000000000001
9.000000000000009
9.000000000000012
9.00000000000001
9.000000000000002
9.000000000000007
9.000000000000004
9.000000000000007
9.00000000000001
9.000000000000005
9.0
8.99999999999999
8.999999999999988
8.999999999999995
8.999999999999993
8.999999999999996
8.999999999999998
9.000000000000002
9.000000000000005
9.00000000000001
9.00000000000001
9.000000000000005
8.999999999999998
9.0
8.999999999999998
9.0
8.999999999999995
8.999999999999993
8.99999999999999
8.999999999999982
8.999999999999986
8.999999999999986
8.99999999999999
8.99999999999999
8.999999999999993
9.000000000000004
9.000000000000009
9.0
9.000000000000002
9.000000000000002
9.000000000000005
9.000000000000009
9.000000000000007
9.000000000000005
9.000000000000002
9.000000000000002
9.0
8.999999999999995
8.999999999999991
8.999999999999993
8.999999999999998
8.999999999999991
8.999999999999991
8.999999999999991
8.999999999999996
8.999999999999998
8.999999999999995
8.999999999999993
9.000000000000002
9.000000000000007
9.000000000000012
9.000000000000016
9.000000000000023
9.000000000000021
9.00000000000002
9.000000000000028
9.000000000000023
9.000000000000025
9.000000000000025
9.00000000000002
9.000000000000005
9.00000000000001
9.000000000000023
9.00000000000005
9.00000000000011
9.000000000000266
9.000000000000604
9.000000000001295
9.00000000000273
9.000000000005564
9.000000000011001
9.000000000021112
9.00000000003934
9.000000000071232
9.000000000125478
9.000000000215657
9.000000000363158
9.000000000605255
9.000000001028896
9.000000001841236
9.000000003606806
9.000000008310348
9.000000026039343
9.0000001503656
9.00000284195503
9.00047940601037
9.500397768931897
10.499994812043784
11.499995174829843
12.499995614802359
13.49999813037666
14.505952675341574
14.957335596756472
14.956731339554546
14.955825996764077
14.953947750530247
Salinity:
35.0
34.99999999999998
34.999999999999964
34.99999999999989
34.99999999999992
34.99999999999996
34.99999999999998
35.00000000000001
35.00000000000002
35.00000000000002
35.00000000000002
35.000000000000036
35.00000000000002
35.00000000000004
35.00000000000005
35.00000000000006
35.00000000000003
35.000000000000036
35.00000000000006
35.00000000000004
35.00000000000002
35.000000000000036
35.000000000000036
35.000000000000064
35.00000000000005
35.00000000000002
35.000000000000014
34.99999999999999
34.99999999999998
34.99999999999998
34.999999999999986
34.99999999999995
34.99999999999998
35.0
34.99999999999999
34.99999999999999
35.00000000000001
35.00000000000003
35.000000000000036
34.99999999999999
35.0
34.99999999999999
34.999999999999986
35.0
34.99999999999999
35.0
35.00000000000001
34.99999999999999
35.00000000000001
34.999999999999986
34.99999999999999
35.0
34.99999999999999
34.99999999999999
34.999999999999986
34.99999999999994
34.99999999999994
34.99999999999994
34.99999999999992
34.99999999999994
34.99999999999998
34.99999999999994
34.99999999999996
34.99999999999998
34.999999999999986
34.999999999999964
34.99999999999996
34.99999999999994
34.99999999999995
34.99999999999995
34.99999999999997
35.0
35.00000000000002
35.00000000000003
35.0
34.99999999999998
35.00000000000001
35.000000000000014
35.000000000000014
35.00000000000003
35.00000000000003
35.000000000000014
35.000000000000014
35.0
35.00000000000001
35.0
35.0
35.000000000000014
35.0
35.000000000000014
34.99999999999999
34.99999999999993
34.99999999999995
34.999999999999964
34.999999999999986
35.00000000000001
35.00000000000003
35.00000000000002
35.00000000000001
35.000000000000014
35.00000000000002
35.000000000000014
35.00000000000002
35.00000000000001
34.99999999999998
34.99999999999993
34.99999999999994
34.99999999999997
34.99999999999997
34.999999999999964
34.99999999999998
34.999999999999986
34.999999999999986
34.99999999999998
34.999999999999986
34.999999999999964
34.99999999999995
34.99999999999997
34.99999999999997
34.99999999999998
34.999999999999986
34.999999999999964
34.999999999999936
34.999999999999936
34.99999999999995
34.999999999999964
34.999999999999986
35.0
35.00000000000003
35.00000000000006
35.00000000000006
35.00000000000001
34.99999999999999
35.0
34.99999999999999
35.0
35.0
35.000000000000014
35.000000000000014
35.000000000000014
35.00000000000001
34.99999999999999
35.0
35.000000000000014
35.00000000000002
34.999999999999986
34.99999999999999
34.999999999999964
34.99999999999997
34.999999999999986
34.99999999999997
34.99999999999996
34.99999999999997
34.999999999999986
35.000000000000014
35.000000000000014
35.00000000000003
35.000000000000014
34.99999999999999
35.00000000000003
35.00000000000006
35.00000000000008
35.00000000000006
35.00000000000004
35.000000000000014
35.00000000000001
34.99999999999999
35.0
35.00000000000001
35.00000000000001
35.00000000000004
35.00000000000002
35.000000000000036
35.00000000000003
35.00000000000005
35.00000000000003
35.00000000000004
35.000000000000036
35.0
34.99999999999998
34.99999999999998
34.99999999999996
34.999999999999964
35.0
35.0
35.000000000000036
34.99999999999998
35.00000000000003
35.000000000000036
35.00000000000001
35.00000000000013
35.0000000000001
34.999999999999226
35.00000000000036
34.999999999999424
35.00000000000002
35.00000000000008
35.000000000000064
35.00000000000005
35.00000000000004
U Velocity:
0.0
0.0
0.0
0.0
0.0
0.0
0.0
0.0
0.0
0.0
0.0
0.0
0.0
0.0
0.0
0.0
0.0
0.0
0.0
0.0
0.0
0.0
0.0
0.0
0.0
0.0
0.0
0.0
0.0
0.0
0.0
0.0
0.0
0.0
0.0
0.0
0.0
0.0
0.0
0.0
0.0
0.0
0.0
0.0
0.0
0.0
0.0
0.0
0.0
0.0
0.0
0.0
0.0
0.0
0.0
0.0
0.0
0.0
0.0
0.0
0.0
0.0
0.0
0.0
0.0
0.0
0.0
0.0
0.0
0.0
0.0
0.0
0.0
0.0
0.0
0.0
0.0
0.0
0.0
0.0
0.0
0.0
0.0
0.0
0.0
0.0
0.0
0.0
0.0
0.0
0.0
0.0
0.0
0.0
0.0
0.0
0.0
0.0
0.0
0.0
0.0
0.0
0.0
0.0
0.0
0.0
0.0
0.0
0.0
0.0
0.0
0.0
0.0
0.0
0.0
0.0
0.0
0.0
0.0
0.0
0.0
0.0
0.0
0.0
0.0
0.0
0.0
0.0
0.0
0.0
0.0
0.0
0.0
0.0
0.0
0.0
0.0
0.0
0.0
0.0
0.0
0.0
0.0
0.0
0.0
0.0
0.0
0.0
0.0
0.0
0.0
0.0
0.0
0.0
0.0
0.0
0.0
0.0
0.0
0.0
0.0
0.0
0.0
0.0
0.0
0.0
0.0
0.0
0.0
0.0
0.0
0.0
0.0
0.0
0.0
0.0
0.0
0.0
0.0
0.0
0.0
0.0
0.0
0.0
0.0
0.0
0.0
0.0
0.0
0.0
0.0
0.0
0.0
0.0
0.0
0.0
0.0
0.0
0.0
0.0
V Velocity:
0.0
0.0
0.0
0.0
0.0
0.0
0.0
0.0
0.0
0.0
0.0
0.0
0.0
0.0
0.0
0.0
0.0
0.0
0.0
0.0
0.0
0.0
0.0
0.0
0.0
0.0
0.0
0.0
0.0
0.0
0.0
0.0
0.0
0.0
0.0
0.0
0.0
0.0
0.0
0.0
0.0
0.0
0.0
0.0
0.0
0.0
0.0
0.0
0.0
0.0
0.0
0.0
0.0
0.0
0.0
0.0
0.0
0.0
0.0
0.0
0.0
0.0
0.0
0.0
0.0
0.0
0.0
0.0
0.0
0.0
0.0
0.0
0.0
0.0
0.0
0.0
0.0
0.0
0.0
0.0
0.0
0.0
0.0
0.0
0.0
0.0
0.0
0.0
0.0
0.0
0.0
0.0
0.0
0.0
0.0
0.0
0.0
0.0
0.0
0.0
0.0
0.0
0.0
0.0
0.0
0.0
0.0
0.0
0.0
0.0
0.0
0.0
0.0
0.0
0.0
0.0
0.0
0.0
0.0
0.0
0.0
0.0
0.0
0.0
0.0
0.0
0.0
0.0
0.0
0.0
0.0
0.0
0.0
0.0
0.0
0.0
0.0
0.0
0.0
0.0
0.0
0.0
0.0
0.0
0.0
0.0
0.0
0.0
0.0
0.0
0.0
0.0
0.0
0.0
0.0
0.0
0.0
0.0
0.0
0.0
0.0
0.0
0.0
0.0
0.0
0.0
0.0
0.0
0.0
0.0
0.0
0.0
0.0
0.0
0.0
0.0
0.0
0.0
0.0
0.0
0.0
0.0
0.0
0.0
0.0
0.0
0.0
0.0
0.0
0.0
0.0
0.0
0.0
0.0
0.0
0.0
0.0
0.0
0.0
0.0
259200.0
Temperature:
9.0
9.0
9.000000000000007
9.000000000000007
9.000000000000002
9.000000000000002
9.000000000000004
9.000000000000005
8.999999999999996
9.0
8.999999999999996
9.000000000000004
9.000000000000005
9.000000000000002
9.000000000000005
9.000000000000007
9.000000000000004
8.999999999999998
9.0
8.999999999999991
8.999999999999991
8.999999999999993
8.999999999999993
8.99999999999999
8.999999999999988
8.999999999999991
9.0
9.000000000000007
9.000000000000005
9.000000000000002
9.000000000000002
9.000000000000002
9.000000000000009
9.000000000000009
9.00000000000001
9.000000000000012
9.000000000000012
9.000000000000014
9.000000000000009
9.000000000000009
9.000000000000007
9.000000000000004
9.000000000000005
9.000000000000004
9.0
9.0
8.999999999999993
8.999999999999996
8.999999999999993
8.999999999999991
8.999999999999988
8.999999999999988
8.999999999999993
8.999999999999996
8.999999999999996
8.999999999999993
8.99999999999999
8.999999999999984
8.999999999999991
8.999999999999988
8.999999999999984
8.99999999999999
8.99999999999999
8.999999999999993
8.99999999999999
8.999999999999993
8.999999999999996
8.999999999999995
8.999999999999996
9.0
9.000000000000004
9.0
9.0
8.999999999999995
8.99999999999999
8.999999999999993
8.999999999999993
8.99999999999999
8.999999999999991
8.999999999999995
8.999999999999996
9.000000000000002
9.000000000000004
9.000000000000004
9.000000000000005
9.000000000000007
9.000000000000002
9.0
8.999999999999998
9.000000000000004
9.000000000000005
9.000000000000009
9.00000000000001
9.000000000000009
9.000000000000012
9.000000000000016
9.000000000000007
9.000000000000005
9.000000000000009
9.000000000000012
9.00000000000001
9.000000000000005
9.000000000000005
9.000000000000004
9.0
9.000000000000002
9.0
9.000000000000005
9.00000000000001
9.000000000000007
9.0
9.000000000000007
9.000000000000009
9.000000000000007
9.000000000000007
9.000000000000009
9.000000000000009
9.000000000000009
9.000000000000009
9.000000000000005
9.0
8.999999999999998
9.000000000000002
9.000000000000004
9.0
9.000000000000007
9.000000000000002
8.999999999999998
8.999999999999996
8.999999999999991
8.999999999999996
9.000000000000002
9.0
8.999999999999998
8.999999999999991
8.999999999999993
8.999999999999995
9.0
8.999999999999995
8.999999999999988
8.99999999999999
8.99999999999998
8.99999999999998
8.999999999999984
8.99999999999999
8.99999999999999
8.999999999999991
8.999999999999984
8.999999999999986
8.999999999999988
8.999999999999995
9.000000000000002
9.000000000000007
9.000000000000009
9.000000000000009
9.000000000000012
9.000000000000016
9.000000000000014
9.000000000000018
9.000000000000025
9.000000000000027
9.000000000000039
9.000000000000059
9.000000000000096
9.000000000000178
9.000000000000338
9.000000000000643
9.000000000001217
9.000000000002267
9.00000000000414
9.000000000007418
9.000000000013006
9.00000000002234
9.00000000003758
9.000000000061933
9.000000000100114
9.000000000158849
9.000000000247796
9.0000000003811
9.000000000580345
9.000000000884654
9.000000001381162
9.00000000224264
9.00000000387785
9.0000000074299
9.000000016937317
9.000000052952258
9.000000300213834
9.000005240460714
9.000718160410052
9.5005966029751
10.499992322929764
11.499992755707945
12.499993423993034
13.499999054788118
14.509085118529287
14.935273695188384
14.93467245036112
14.933767254008147
14.931889483937239
Salinity:
35.0
34.99999999999998
34.99999999999992
34.999999999999936
34.99999999999992
34.99999999999996
34.99999999999997
34.99999999999998
34.99999999999996
34.99999999999997
34.99999999999997
34.999999999999986
34.99999999999999
34.999999999999986
35.0
35.000000000000036
35.00000000000003
35.00000000000002
35.00000000000002
35.00000000000001
35.0
35.00000000000002
35.000000000000014
35.00000000000001
35.0
35.000000000000014
35.000000000000014
35.000000000000036
35.000000000000014
35.0
35.00000000000001
35.00000000000002
35.0
34.99999999999999
34.99999999999999
34.999999999999986
35.00000000000002
35.0
34.999999999999986
34.99999999999999
34.999999999999986
35.0
35.00000000000003
35.000000000000014
35.0
34.99999999999999
34.999999999999986
34.99999999999999
35.00000000000002
35.00000000000001
35.00000000000001
35.00000000000001
35.000000000000014
35.00000000000004
35.00000000000003
35.00000000000003
35.00000000000001
34.999999999999986
35.0
34.999999999999986
34.999999999999986
34.99999999999999
34.99999999999997
34.99999999999994
34.999999999999936
34.99999999999992
34.999999999999915
34.99999999999993
34.99999999999995
34.999999999999986
35.00000000000003
35.00000000000003
35.00000000000003
35.000000000000036
35.00000000000002
35.000000000000014
35.00000000000003
35.00000000000003
35.000000000000036
35.00000000000005
35.00000000000004
35.00000000000005
35.00000000000006
35.00000000000005
35.00000000000003
35.00000000000003
35.000000000000014
35.000000000000014
34.99999999999998
34.99999999999999
35.0
34.99999999999999
35.000000000000014
35.00000000000001
35.00000000000003
35.00000000000004
35.00000000000003
35.000000000000014
35.00000000000002
35.00000000000002
35.00000000000002
35.000000000000014
35.0
34.99999999999999
34.999999999999986
34.99999999999999
34.999999999999986
34.99999999999999
35.00000000000001
35.000000000000014
35.00000000000001
35.000000000000014
35.00000000000004
35.00000000000003
35.00000000000002
35.000000000000014
35.0
35.0
35.0
35.0
34.99999999999999
35.00000000000001
35.000000000000014
35.0
34.99999999999999
35.00000000000001
34.99999999999999
35.0
35.000000000000014
35.0
34.99999999999995
34.99999999999995
34.99999999999995
34.99999999999995
34.99999999999995
34.99999999999998
34.99999999999999
34.99999999999999
34.999999999999986
34.999999999999964
34.99999999999998
34.999999999999964
34.99999999999994
34.999999999999964
34.99999999999999
34.999999999999986
34.99999999999996
34.999999999999936
34.99999999999993
34.99999999999992
34.99999999999994
34.99999999999996
34.99999999999998
35.00000000000001
35.00000000000003
35.000000000000036
35.00000000000003
35.000000000000014
35.00000000000002
35.00000000000005
35.00000000000006
35.00000000000004
35.00000000000004
35.00000000000005
35.00000000000003
35.00000000000004
35.00000000000006
35.00000000000003
35.00000000000001
35.000000000000014
35.00000000000005
35.00000000000007
35.00000000000005
35.000000000000064
35.00000000000005
35.00000000000004
35.000000000000036
35.000000000000014
35.000000000000014
35.00000000000002
35.00000000000003
35.00000000000001
34.99999999999996
34.99999999999992
34.999999999999964
35.00000000000002
35.00000000000002
35.00000000000005
34.999999999999964
35.00000000000001
35.00000000000013
35.00000000000019
34.99999999999887
35.00000000000062
34.9999999999992
35.000000000000064
35.00000000000004
35.00000000000005
35.00000000000004
35.00000000000006
U Velocity:
0.0
0.0
0.0
0.0
0.0
0.0
0.0
0.0
0.0
0.0
0.0
0.0
0.0
0.0
0.0
0.0
0.0
0.0
0.0
0.0
0.0
0.0
0.0
0.0
0.0
0.0
0.0
0.0
0.0
0.0
0.0
0.0
0.0
0.0
0.0
0.0
0.0
0.0
0.0
0.0
0.0
0.0
0.0
0.0
0.0
0.0
0.0
0.0
0.0
0.0
0.0
0.0
0.0
0.0
0.0
0.0
0.0
0.0
0.0
0.0
0.0
0.0
0.0
0.0
0.0
0.0
0.0
0.0
0.0
0.0
0.0
0.0
0.0
0.0
0.0
0.0
0.0
0.0
0.0
0.0
0.0
0.0
0.0
0.0
0.0
0.0
0.0
0.0
0.0
0.0
0.0
0.0
0.0
0.0
0.0
0.0
0.0
0.0
0.0
0.0
0.0
0.0
0.0
0.0
0.0
0.0
0.0
0.0
0.0
0.0
0.0
0.0
0.0
0.0
0.0
0.0
0.0
0.0
0.0
0.0
0.0
0.0
0.0
0.0
0.0
0.0
0.0
0.0
0.0
0.0
0.0
0.0
0.0
0.0
0.0
0.0
0.0
0.0
0.0
0.0
0.0
0.0
0.0
0.0
0.0
0.0
0.0
0.0
0.0
0.0
0.0
0.0
0.0
0.0
0.0
0.0
0.0
0.0
0.0
0.0
0.0
0.0
0.0
0.0
0.0
0.0
0.0
0.0
0.0
0.0
0.0
0.0
0.0
0.0
0.0
0.0
0.0
0.0
0.0
0.0
0.0
0.0
0.0
0.0
0.0
0.0
0.0
0.0
0.0
0.0
0.0
0.0
0.0
0.0
0.0
0.0
0.0
0.0
0.0
0.0
V Velocity:
0.0
0.0
0.0
0.0
0.0
0.0
0.0
0.0
0.0
0.0
0.0
0.0
0.0
0.0
0.0
0.0
0.0
0.0
0.0
0.0
0.0
0.0
0.0
0.0
0.0
0.0
0.0
0.0
0.0
0.0
0.0
0.0
0.0
0.0
0.0
0.0
0.0
0.0
0.0
0.0
0.0
0.0
0.0
0.0
0.0
0.0
0.0
0.0
0.0
0.0
0.0
0.0
0.0
0.0
0.0
0.0
0.0
0.0
0.0
0.0
0.0
0.0
0.0
0.0
0.0
0.0
0.0
0.0
0.0
0.0
0.0
0.0
0.0
0.0
0.0
0.0
0.0
0.0
0.0
0.0
0.0
0.0
0.0
0.0
0.0
0.0
0.0
0.0
0.0
0.0
0.0
0.0
0.0
0.0
0.0
0.0
0.0
0.0
0.0
0.0
0.0
0.0
0.0
0.0
0.0
0.0
0.0
0.0
0.0
0.0
0.0
0.0
0.0
0.0
0.0
0.0
0.0
0.0
0.0
0.0
0.0
0.0
0.0
0.0
0.0
0.0
0.0
0.0
0.0
0.0
0.0
0.0
0.0
0.0
0.0
0.0
0.0
0.0
0.0
0.0
0.0
0.0
0.0
0.0
0.0
0.0
0.0
0.0
0.0
0.0
0.0
0.0
0.0
0.0
0.0
0.0
0.0
0.0
0.0
0.0
0.0
0.0
0.0
0.0
0.0
0.0
0.0
0.0
0.0
0.0
0.0
0.0
0.0
0.0
0.0
0.0
0.0
0.0
0.0
0.0
0.0
0.0
0.0
0.0
0.0
0.0
0.0
0.0
0.0
0.0
0.0
0.0
0.0
0.0
0.0
0.0
0.0
0.0
0.0
0.0
345600.0
Temperature:
9.000000000000007
9.000000000000012
9.000000000000014
9.000000000000012
9.000000000000007
9.000000000000004
9.000000000000002
8.999999999999991
8.999999999999986
8.99999999999999
8.999999999999988
8.99999999999999
8.999999999999995
8.999999999999998
9.000000000000002
9.000000000000004
8.999999999999991
8.999999999999991
8.999999999999993
8.999999999999993
8.999999999999991
8.999999999999993
9.0
9.000000000000002
9.000000000000002
9.000000000000007
9.000000000000004
9.000000000000004
9.000000000000002
9.000000000000002
9.000000000000005
9.000000000000005
9.000000000000004
9.000000000000004
9.000000000000005
9.000000000000007
9.00000000000001
9.00000000000002
9.000000000000018
9.00000000000001
9.000000000000007
9.000000000000005
8.999999999999998
8.999999999999996
8.999999999999993
8.999999999999996
9.000000000000004
9.000000000000002
9.0
8.999999999999998
8.999999999999995
8.999999999999995
8.999999999999988
8.999999999999993
8.999999999999996
8.99999999999999
8.99999999999999
8.999999999999995
8.999999999999993
8.99999999999999
8.999999999999991
8.999999999999993
8.999999999999988
8.999999999999991
8.999999999999993
8.999999999999988
8.999999999999986
8.999999999999993
8.999999999999995
8.999999999999996
9.000000000000004
9.000000000000005
9.000000000000007
9.0
8.999999999999996
8.999999999999996
8.99999999999999
8.99999999999999
8.999999999999998
8.999999999999993
8.999999999999993
8.999999999999995
9.000000000000005
9.000000000000007
9.000000000000007
8.999999999999996
8.999999999999998
9.000000000000004
8.999999999999998
9.0
8.999999999999993
8.999999999999996
8.999999999999996
9.000000000000005
9.000000000000005
9.000000000000005
9.000000000000002
9.0
9.000000000000002
9.000000000000004
9.000000000000005
9.000000000000009
9.000000000000009
9.000000000000007
9.000000000000014
9.000000000000007
9.000000000000004
9.000000000000002
9.000000000000004
9.000000000000002
9.000000000000002
9.000000000000004
9.000000000000005
9.000000000000005
9.000000000000004
9.0
9.000000000000002
9.000000000000005
9.000000000000002
8.999999999999998
9.000000000000002
9.00000000000001
9.000000000000005
9.000000000000005
9.000000000000007
9.000000000000005
9.000000000000002
9.000000000000002
9.000000000000009
9.000000000000014
9.000000000000014
9.000000000000004
9.000000000000004
9.0
8.999999999999998
8.999999999999995
8.999999999999993
8.999999999999991
8.99999999999999
8.999999999999986
8.999999999999991
8.999999999999991
8.999999999999982
8.999999999999979
8.999999999999977
8.99999999999998
8.999999999999982
8.99999999999999
9.0
9.000000000000002
9.00000000000001
9.00000000000002
9.000000000000016
9.000000000000018
9.00000000000002
9.000000000000023
9.000000000000027
9.00000000000003
9.000000000000044
9.000000000000083
9.000000000000153
9.00000000000027
9.000000000000476
9.000000000000847
9.000000000001469
9.000000000002528
9.00000000000429
9.000000000007173
9.000000000011784
9.000000000019039
9.000000000030267
9.000000000047349
9.000000000072948
9.000000000110697
9.000000000165603
9.000000000244523
9.00000000035687
9.000000000515978
9.00000000074215
9.000000001072573
9.000000001581851
9.000000002404244
9.000000003824049
9.000000006519153
9.00000001238663
9.000000028174547
9.000000088065852
9.000000491394973
9.00000809968558
9.000956381836943
9.500795374558637
10.499989913206901
11.499990336663005
12.49999123453785
13.500001173004776
14.512130495862044
14.913233061664826
14.912635043379845
14.911730042142636
14.909852806802393
Salinity:
35.0
34.99999999999998
34.99999999999989
34.99999999999991
34.99999999999992
34.99999999999994
34.99999999999994
34.99999999999994
34.99999999999992
34.99999999999993
34.99999999999995
34.99999999999996
34.99999999999999
34.99999999999999
35.0
35.000000000000036
35.00000000000001
35.0
35.0
35.00000000000002
35.00000000000003
35.00000000000008
35.000000000000085
35.00000000000007
35.00000000000006
35.000000000000036
35.00000000000002
35.00000000000001
34.99999999999999
34.999999999999986
34.99999999999999
34.99999999999999
34.99999999999998
34.99999999999997
34.999999999999964
34.99999999999996
34.99999999999997
35.0
35.000000000000014
35.00000000000002
35.00000000000003
35.00000000000001
34.99999999999999
34.99999999999999
35.00000000000002
35.00000000000004
35.00000000000006
35.00000000000004
35.00000000000003
35.00000000000001
35.0
35.000000000000014
35.00000000000002
35.000000000000036
35.00000000000003
35.00000000000004
35.000000000000036
35.00000000000002
35.000000000000014
35.000000000000014
34.999999999999986
34.99999999999997
34.99999999999996
34.99999999999993
34.999999999999936
34.99999999999993
34.999999999999936
34.99999999999996
34.999999999999986
35.00000000000001
35.00000000000004
35.00000000000009
35.000000000000114
35.000000000000114
35.00000000000011
35.00000000000012
35.0000000000001
35.00000000000008
35.00000000000007
35.000000000000064
35.000000000000064
35.00000000000004
35.00000000000005
35.00000000000006
35.00000000000005
35.00000000000004
35.000000000000036
35.00000000000003
35.0
35.00000000000001
34.999999999999986
35.0
34.99999999999999
35.00000000000003
35.00000000000003
35.000000000000014
34.999999999999986
34.99999999999998
34.999999999999986
34.99999999999997
34.99999999999997
34.99999999999998
35.0
34.99999999999997
35.0
34.99999999999999
35.0
35.0
34.99999999999999
35.00000000000002
35.00000000000002
35.000000000000014
35.000000000000014
35.000000000000014
35.0
34.999999999999986
34.999999999999986
34.99999999999999
34.99999999999999
34.99999999999997
34.99999999999997
34.99999999999997
34.99999999999999
34.99999999999996
34.999999999999964
34.99999999999997
34.99999999999997
34.999999999999986
35.000000000000014
35.000000000000014
35.00000000000001
34.999999999999986
34.999999999999986
34.99999999999998
34.999999999999986
34.99999999999998
34.99999999999996
34.999999999999964
34.99999999999995
34.99999999999995
34.99999999999997
34.99999999999995
34.999999999999936
34.99999999999993
34.99999999999993
34.999999999999915
34.99999999999993
34.99999999999996
34.99999999999996
34.99999999999998
34.99999999999999
35.0
34.999999999999986
35.0
35.0
35.0
35.00000000000001
35.000000000000014
35.0
35.00000000000002
35.000000000000036
35.000000000000064
35.000000000000064
35.00000000000006
35.00000000000003
35.000000000000014
35.00000000000001
35.0
35.0
35.0
35.00000000000003
35.00000000000001
35.00000000000002
35.00000000000003
35.00000000000005
35.000000000000064
35.00000000000007
35.00000000000007
35.00000000000005
35.00000000000002
35.00000000000001
34.99999999999997
34.99999999999995
34.99999999999994
34.99999999999995
35.000000000000014
35.000000000000036
35.00000000000003
34.999999999999865
35.000000000000014
35.00000000000019
35.000000000000185
34.99999999999848
35.00000000000083
34.99999999999892
34.99999999999998
35.00000000000006
35.00000000000006
35.00000000000005
35.00000000000005
U Velocity:
0.0
0.0
0.0
0.0
0.0
0.0
0.0
0.0
0.0
0.0
0.0
0.0
0.0
0.0
0.0
0.0
0.0
0.0
0.0
0.0
0.0
0.0
0.0
0.0
0.0
0.0
0.0
0.0
0.0
0.0
0.0
0.0
0.0
0.0
0.0
0.0
0.0
0.0
0.0
0.0
0.0
0.0
0.0
0.0
0.0
0.0
0.0
0.0
0.0
0.0
0.0
0.0
0.0
0.0
0.0
0.0
0.0
0.0
0.0
0.0
0.0
0.0
0.0
0.0
0.0
0.0
0.0
0.0
0.0
0.0
0.0
0.0
0.0
0.0
0.0
0.0
0.0
0.0
0.0
0.0
0.0
0.0
0.0
0.0
0.0
0.0
0.0
0.0
0.0
0.0
0.0
0.0
0.0
0.0
0.0
0.0
0.0
0.0
0.0
0.0
0.0
0.0
0.0
0.0
0.0
0.0
0.0
0.0
0.0
0.0
0.0
0.0
0.0
0.0
0.0
0.0
0.0
0.0
0.0
0.0
0.0
0.0
0.0
0.0
0.0
0.0
0.0
0.0
0.0
0.0
0.0
0.0
0.0
0.0
0.0
0.0
0.0
0.0
0.0
0.0
0.0
0.0
0.0
0.0
0.0
0.0
0.0
0.0
0.0
0.0
0.0
0.0
0.0
0.0
0.0
0.0
0.0
0.0
0.0
0.0
0.0
0.0
0.0
0.0
0.0
0.0
0.0
0.0
0.0
0.0
0.0
0.0
0.0
0.0
0.0
0.0
0.0
0.0
0.0
0.0
0.0
0.0
0.0
0.0
0.0
0.0
0.0
0.0
0.0
0.0
0.0
0.0
0.0
0.0
0.0
0.0
0.0
0.0
0.0
0.0
V Velocity:
0.0
0.0
0.0
0.0
0.0
0.0
0.0
0.0
0.0
0.0
0.0
0.0
0.0
0.0
0.0
0.0
0.0
0.0
0.0
0.0
0.0
0.0
0.0
0.0
0.0
0.0
0.0
0.0
0.0
0.0
0.0
0.0
0.0
0.0
0.0
0.0
0.0
0.0
0.0
0.0
0.0
0.0
0.0
0.0
0.0
0.0
0.0
0.0
0.0
0.0
0.0
0.0
0.0
0.0
0.0
0.0
0.0
0.0
0.0
0.0
0.0
0.0
0.0
0.0
0.0
0.0
0.0
0.0
0.0
0.0
0.0
0.0
0.0
0.0
0.0
0.0
0.0
0.0
0.0
0.0
0.0
0.0
0.0
0.0
0.0
0.0
0.0
0.0
0.0
0.0
0.0
0.0
0.0
0.0
0.0
0.0
0.0
0.0
0.0
0.0
0.0
0.0
0.0
0.0
0.0
0.0
0.0
0.0
0.0
0.0
0.0
0.0
0.0
0.0
0.0
0.0
0.0
0.0
0.0
0.0
0.0
0.0
0.0
0.0
0.0
0.0
0.0
0.0
0.0
0.0
0.0
0.0
0.0
0.0
0.0
0.0
0.0
0.0
0.0
0.0
0.0
0.0
0.0
0.0
0.0
0.0
0.0
0.0
0.0
0.0
0.0
0.0
0.0
0.0
0.0
0.0
0.0
0.0
0.0
0.0
0.0
0.0
0.0
0.0
0.0
0.0
0.0
0.0
0.0
0.0
0.0
0.0
0.0
0.0
0.0
0.0
0.0
0.0
0.0
0.0
0.0
0.0
0.0
0.0
0.0
0.0
0.0
0.0
0.0
0.0
0.0
0.0
0.0
0.0
0.0
0.0
0.0
0.0
0.0
0.0
432000.0
Temperature:
9.000000000000018
9.000000000000012
9.000000000000005
9.0
9.000000000000002
9.0
8.999999999999998
8.999999999999996
8.999999999999993
9.0
8.999999999999995
8.999999999999996
8.999999999999998
8.999999999999996
8.999999999999996
9.0
9.000000000000002
9.000000000000002
8.999999999999995
8.999999999999993
8.999999999999996
8.999999999999995
8.999999999999996
8.999999999999998
8.999999999999995
8.999999999999996
8.999999999999991
8.999999999999988
8.999999999999988
8.99999999999999
8.999999999999996
9.0
9.000000000000009
9.00000000000001
9.000000000000009
9.000000000000007
9.000000000000009
9.00000000000001
9.000000000000009
9.000000000000007
8.999999999999996
8.999999999999991
8.999999999999996
8.999999999999995
8.99999999999999
8.999999999999995
8.999999999999995
8.999999999999996
8.999999999999988
8.999999999999984
8.999999999999984
8.99999999999999
8.999999999999991
8.999999999999996
8.999999999999998
8.999999999999998
8.999999999999991
8.999999999999993
8.999999999999991
8.999999999999988
8.999999999999991
8.999999999999998
8.999999999999998
8.999999999999991
8.999999999999988
8.999999999999988
8.999999999999991
8.999999999999998
8.999999999999996
8.999999999999995
9.000000000000002
9.000000000000004
9.000000000000002
8.999999999999996
9.0
8.999999999999996
8.999999999999995
8.999999999999991
8.999999999999991
8.999999999999993
9.0
8.999999999999998
9.0
8.999999999999998
8.999999999999993
9.0
9.000000000000004
9.0
9.000000000000002
9.000000000000004
9.000000000000002
9.000000000000005
9.00000000000001
9.000000000000009
9.000000000000005
9.000000000000007
9.000000000000012
9.000000000000016
9.000000000000009
9.000000000000007
9.00000000000001
9.000000000000014
9.000000000000014
9.000000000000014
9.000000000000012
9.000000000000009
9.000000000000005
9.000000000000009
9.000000000000005
9.000000000000007
9.000000000000009
9.00000000000001
9.000000000000005
9.000000000000002
9.0
8.999999999999995
9.0
9.0
8.999999999999998
9.000000000000002
9.000000000000007
9.000000000000004
9.00000000000001
9.000000000000014
9.000000000000014
9.000000000000005
8.999999999999995
8.999999999999995
8.999999999999995
8.999999999999993
8.999999999999993
8.999999999999998
8.999999999999995
8.999999999999995
8.999999999999991
8.99999999999999
8.999999999999988
8.999999999999993
8.999999999999991
8.999999999999995
8.999999999999996
8.999999999999995
9.0
9.000000000000002
9.0
8.99999999999999
8.999999999999988
8.999999999999988
8.999999999999996
9.0
9.000000000000012
9.000000000000016
9.000000000000018
9.000000000000023
9.000000000000037
9.000000000000059
9.000000000000098
9.000000000000178
9.000000000000304
9.000000000000506
9.000000000000862
9.000000000001439
9.00000000000235
9.000000000003801
9.000000000006068
9.000000000009557
9.000000000014843
9.000000000022743
9.000000000034387
9.00000000005134
9.0000000000757
9.000000000110257
9.000000000158744
9.000000000226072
9.00000000031875
9.000000000445512
9.000000000618561
9.000000000856243
9.00000000119077
9.000000001684294
9.000000002438785
9.000000003652863
9.000000005748282
9.000000009732334
9.000000018428748
9.000000041931774
9.000000131018595
9.00000072091478
9.000011362552609
9.001194131163654
9.500994083555563
10.49998758278923
11.499987917726727
12.499989046892269
13.500004449688817
14.515086153812335
14.89121434474871
14.890619791304088
14.889715040914231
14.88783840653175
Salinity:
35.0
34.99999999999998
34.999999999999886
34.99999999999988
34.99999999999987
34.99999999999991
34.99999999999991
34.999999999999936
34.999999999999964
34.99999999999997
34.999999999999964
34.99999999999996
34.99999999999998
34.99999999999997
34.99999999999998
34.999999999999986
35.00000000000003
35.000000000000036
34.999999999999986
34.99999999999999
35.00000000000002
35.000000000000036
35.000000000000036
35.000000000000036
35.000000000000036
35.00000000000001
35.0
34.99999999999997
34.99999999999997
34.999999999999964
34.99999999999996
34.99999999999997
34.99999999999999
34.99999999999998
34.999999999999964
34.99999999999997
34.999999999999986
34.99999999999997
34.99999999999998
35.0
34.99999999999999
34.99999999999997
34.999999999999986
35.000000000000014
35.00000000000002
35.00000000000004
35.00000000000003
35.00000000000002
34.999999999999986
34.999999999999986
34.99999999999997
34.99999999999997
34.99999999999997
34.999999999999986
35.0
35.000000000000014
35.00000000000002
34.999999999999986
34.99999999999998
34.99999999999997
34.99999999999998
34.999999999999986
34.99999999999996
34.99999999999995
34.99999999999994
34.99999999999996
34.99999999999997
35.00000000000001
35.00000000000003
35.00000000000002
35.00000000000004
35.00000000000004
35.000000000000064
35.000000000000064
35.0000000000001
35.00000000000011
35.000000000000085
35.00000000000008
35.000000000000085
35.000000000000064
35.00000000000005
35.000000000000036
35.00000000000005
35.000000000000036
35.00000000000001
35.00000000000003
35.00000000000002
35.00000000000001
35.00000000000001
35.000000000000036
35.00000000000003
35.000000000000036
35.00000000000002
35.00000000000004
35.000000000000036
35.00000000000003
35.00000000000003
35.00000000000002
35.000000000000014
35.00000000000002
35.00000000000003
35.00000000000003
35.00000000000002
35.00000000000002
35.000000000000014
35.00000000000002
35.00000000000002
35.000000000000014
35.000000000000014
35.00000000000001
35.00000000000003
35.00000000000003
35.000000000000014
35.0
34.999999999999986
34.99999999999997
35.0
34.99999999999999
34.999999999999964
34.99999999999998
34.99999999999999
34.99999999999996
34.999999999999964
34.99999999999998
34.99999999999997
34.999999999999964
34.99999999999994
34.99999999999995
34.99999999999993
34.99999999999994
34.999999999999964
34.99999999999998
34.999999999999964
34.99999999999998
34.99999999999997
34.999999999999964
34.999999999999936
34.999999999999964
34.99999999999994
34.99999999999995
34.99999999999993
34.99999999999993
34.99999999999997
34.99999999999998
34.999999999999986
34.999999999999964
34.99999999999994
34.999999999999936
34.99999999999996
34.99999999999994
35.0
34.999999999999986
35.0
34.99999999999999
35.000000000000014
35.00000000000002
35.00000000000001
35.00000000000002
35.00000000000003
35.00000000000001
35.000000000000014
35.00000000000003
35.000000000000014
34.99999999999998
34.99999999999999
35.00000000000001
35.00000000000003
35.00000000000002
35.0
34.99999999999998
34.999999999999986
35.0
35.00000000000002
35.00000000000001
34.999999999999986
35.00000000000001
35.00000000000001
35.00000000000001
35.00000000000001
35.000000000000036
34.999999999999964
34.99999999999996
34.99999999999996
34.99999999999998
34.99999999999998
34.99999999999995
35.00000000000003
35.00000000000006
35.00000000000006
35.00000000000005
35.00000000000012
35.000000000000234
34.99999999999813
35.0000000000012
34.999999999998764
35.00000000000002
35.00000000000004
35.00000000000006
35.00000000000006
35.00000000000006
U Velocity:
0.0
0.0
0.0
0.0
0.0
0.0
0.0
0.0
0.0
0.0
0.0
0.0
0.0
0.0
0.0
0.0
0.0
0.0
0.0
0.0
0.0
0.0
0.0
0.0
0.0
0.0
0.0
0.0
0.0
0.0
0.0
0.0
0.0
0.0
0.0
0.0
0.0
0.0
0.0
0.0
0.0
0.0
0.0
0.0
0.0
0.0
0.0
0.0
0.0
0.0
0.0
0.0
0.0
0.0
0.0
0.0
0.0
0.0
0.0
0.0
0.0
0.0
0.0
0.0
0.0
0.0
0.0
0.0
0.0
0.0
0.0
0.0
0.0
0.0
0.0
0.0
0.0
0.0
0.0
0.0
0.0
0.0
0.0
0.0
0.0
0.0
0.0
0.0
0.0
0.0
0.0
0.0
0.0
0.0
0.0
0.0
0.0
0.0
0.0
0.0
0.0
0.0
0.0
0.0
0.0
0.0
0.0
0.0
0.0
0.0
0.0
0.0
0.0
0.0
0.0
0.0
0.0
0.0
0.0
0.0
0.0
0.0
0.0
0.0
0.0
0.0
0.0
0.0
0.0
0.0
0.0
0.0
0.0
0.0
0.0
0.0
0.0
0.0
0.0
0.0
0.0
0.0
0.0
0.0
0.0
0.0
0.0
0.0
0.0
0.0
0.0
0.0
0.0
0.0
0.0
0.0
0.0
0.0
0.0
0.0
0.0
0.0
0.0
0.0
0.0
0.0
0.0
0.0
0.0
0.0
0.0
0.0
0.0
0.0
0.0
0.0
0.0
0.0
0.0
0.0
0.0
0.0
0.0
0.0
0.0
0.0
0.0
0.0
0.0
0.0
0.0
0.0
0.0
0.0
0.0
0.0
0.0
0.0
0.0
0.0
V Velocity:
0.0
0.0
0.0
0.0
0.0
0.0
0.0
0.0
0.0
0.0
0.0
0.0
0.0
0.0
0.0
0.0
0.0
0.0
0.0
0.0
0.0
0.0
0.0
0.0
0.0
0.0
0.0
0.0
0.0
0.0
0.0
0.0
0.0
0.0
0.0
0.0
0.0
0.0
0.0
0.0
0.0
0.0
0.0
0.0
0.0
0.0
0.0
0.0
0.0
0.0
0.0
0.0
0.0
0.0
0.0
0.0
0.0
0.0
0.0
0.0
0.0
0.0
0.0
0.0
0.0
0.0
0.0
0.0
0.0
0.0
0.0
0.0
0.0
0.0
0.0
0.0
0.0
0.0
0.0
0.0
0.0
0.0
0.0
0.0
0.0
0.0
0.0
0.0
0.0
0.0
0.0
0.0
0.0
0.0
0.0
0.0
0.0
0.0
0.0
0.0
0.0
0.0
0.0
0.0
0.0
0.0
0.0
0.0
0.0
0.0
0.0
0.0
0.0
0.0
0.0
0.0
0.0
0.0
0.0
0.0
0.0
0.0
0.0
0.0
0.0
0.0
0.0
0.0
0.0
0.0
0.0
0.0
0.0
0.0
0.0
0.0
0.0
0.0
0.0
0.0
0.0
0.0
0.0
0.0
0.0
0.0
0.0
0.0
0.0
0.0
0.0
0.0
0.0
0.0
0.0
0.0
0.0
0.0
0.0
0.0
0.0
0.0
0.0
0.0
0.0
0.0
0.0
0.0
0.0
0.0
0.0
0.0
0.0
0.0
0.0
0.0
0.0
0.0
0.0
0.0
0.0
0.0
0.0
0.0
0.0
0.0
0.0
0.0
0.0
0.0
0.0
0.0
0.0
0.0
0.0
0.0
0.0
0.0
0.0
0.0
518400.0
Temperature:
9.000000000000018
9.000000000000012
9.000000000000007
9.000000000000007
8.999999999999996
8.999999999999995
8.999999999999996
8.999999999999991
8.99999999999999
8.999999999999995
8.999999999999991
8.999999999999995
9.000000000000002
8.999999999999993
8.999999999999995
8.999999999999993
8.999999999999998
8.999999999999998
8.999999999999995
8.999999999999991
8.999999999999993
8.999999999999991
8.999999999999991
8.999999999999988
8.999999999999993
8.999999999999993
8.999999999999995
9.000000000000004
9.000000000000004
9.0
9.000000000000007
9.000000000000005
9.000000000000002
9.000000000000007
9.000000000000014
9.00000000000002
9.000000000000021
9.000000000000012
9.000000000000005
9.000000000000002
9.000000000000002
8.999999999999991
8.999999999999991
8.999999999999996
8.999999999999996
8.999999999999988
8.999999999999993
8.999999999999988
8.999999999999991
8.999999999999993
9.0
9.000000000000002
8.999999999999995
8.999999999999993
8.999999999999988
8.999999999999975
8.999999999999975
8.999999999999979
8.99999999999998
8.99999999999998
8.999999999999979
8.999999999999979
8.999999999999986
8.999999999999991
8.999999999999995
8.999999999999995
8.999999999999995
9.000000000000002
8.999999999999998
9.0
9.0
9.0
8.999999999999998
8.999999999999991
8.999999999999984
8.99999999999998
8.99999999999997
8.999999999999968
8.99999999999997
8.999999999999977
8.999999999999984
8.999999999999979
8.999999999999977
8.99999999999998
8.999999999999979
8.999999999999973
8.99999999999998
8.999999999999982
8.999999999999982
8.999999999999982
8.999999999999986
8.999999999999995
9.0
9.000000000000007
9.000000000000016
9.000000000000018
9.000000000000018
9.000000000000016
9.000000000000012
9.00000000000001
9.000000000000007
9.00000000000001
9.000000000000012
9.000000000000014
9.000000000000016
9.000000000000014
9.000000000000014
9.000000000000014
9.00000000000001
9.000000000000007
9.000000000000009
9.00000000000001
9.000000000000012
9.000000000000009
9.00000000000001
9.000000000000014
9.000000000000012
9.000000000000009
9.000000000000005
9.0
9.0
9.000000000000005
9.000000000000012
9.000000000000016
9.000000000000012
9.00000000000001
9.000000000000007
9.00000000000001
9.00000000000001
9.000000000000009
9.000000000000012
9.000000000000009
9.000000000000012
9.000000000000012
9.000000000000004
9.000000000000004
9.0
8.999999999999998
8.999999999999996
8.999999999999988
8.999999999999984
8.99999999999999
8.999999999999995
8.999999999999995
8.999999999999996
8.999999999999995
8.999999999999995
8.999999999999998
9.000000000000004
9.000000000000012
9.000000000000018
9.000000000000037
9.000000000000064
9.00000000000011
9.00000000000018
9.000000000000291
9.00000000000048
9.000000000000776
9.000000000001247
9.000000000001977
9.000000000003098
9.000000000004794
9.00000000000732
9.000000000011054
9.000000000016513
9.000000000024379
9.000000000035598
9.00000000005143
9.00000000007352
9.000000000104022
9.000000000145713
9.000000000202194
9.000000000278122
9.000000000379536
9.000000000514355
9.00000000069357
9.000000000933104
9.000000001260089
9.00000000172512
9.000000002406376
9.000000003445118
9.000000005115627
9.000000008001889
9.00000001349512
9.000000025526822
9.000000058149192
9.000000181541466
9.00000098664494
9.000014990571678
9.001431449609196
9.501192729859685
10.499985331590802
11.499985498930954
12.499986861497435
13.500008848470511
14.517949169984837
14.869218256062945
14.868627434301406
14.867722999006155
14.865847040974645
Salinity:
35.0
34.99999999999998
34.99999999999987
34.99999999999986
34.999999999999844
34.99999999999986
34.9999999999999
34.99999999999993
34.999999999999964
34.99999999999999
34.999999999999964
34.99999999999998
34.99999999999998
34.99999999999997
34.999999999999986
34.999999999999986
34.999999999999986
35.0
35.00000000000002
35.000000000000014
35.00000000000003
35.00000000000004
35.00000000000004
35.00000000000002
35.00000000000002
35.000000000000014
35.00000000000002
35.00000000000004
35.00000000000003
35.0
35.0
34.999999999999986
34.99999999999997
34.99999999999999
35.0
35.000000000000036
35.00000000000007
35.000000000000036
35.00000000000001
34.99999999999999
35.0
35.0
35.000000000000014
35.00000000000002
35.000000000000014
35.00000000000001
34.999999999999986
34.99999999999998
35.00000000000001
34.99999999999999
35.00000000000001
35.000000000000014
35.0
35.0
34.999999999999986
34.99999999999994
34.99999999999994
34.99999999999996
34.99999999999996
34.99999999999996
34.999999999999936
34.999999999999936
34.999999999999936
34.99999999999994
34.999999999999964
34.99999999999998
35.0
35.00000000000001
35.00000000000001
35.00000000000002
35.00000000000004
35.00000000000002
35.00000000000002
35.000000000000064
35.00000000000003
35.00000000000002
34.99999999999999
34.999999999999964
34.99999999999998
34.99999999999999
34.999999999999986
34.99999999999996
34.999999999999986
34.99999999999999
34.99999999999997
34.99999999999995
34.99999999999996
34.99999999999999
35.0
34.99999999999999
35.0
35.000000000000014
35.000000000000036
35.000000000000036
35.000000000000036
35.00000000000003
35.000000000000014
35.000000000000014
35.000000000000036
35.00000000000003
35.000000000000014
35.000000000000014
35.000000000000014
35.00000000000001
35.00000000000002
35.000000000000014
35.00000000000003
35.00000000000003
35.00000000000002
35.00000000000003
35.00000000000003
35.00000000000005
35.00000000000004
35.00000000000004
35.00000000000006
35.00000000000003
35.000000000000036
35.00000000000004
35.000000000000014
34.99999999999999
34.999999999999986
35.0
35.00000000000004
35.000000000000014
35.00000000000001
35.000000000000036
35.00000000000002
35.00000000000003
35.00000000000003
35.000000000000036
35.00000000000001
34.999999999999986
35.00000000000001
35.000000000000014
34.999999999999986
34.99999999999998
34.99999999999998
34.999999999999936
34.99999999999993
34.99999999999988
34.999999999999865
34.999999999999915
34.99999999999995
34.99999999999997
34.99999999999997
34.99999999999997
34.999999999999986
34.99999999999998
34.999999999999964
34.99999999999999
34.999999999999986
35.00000000000003
35.00000000000001
35.0
35.000000000000014
34.99999999999999
35.0
34.999999999999964
34.99999999999997
34.99999999999998
34.99999999999999
35.0
34.99999999999998
34.99999999999998
34.999999999999986
34.99999999999998
34.99999999999996
34.99999999999996
34.999999999999964
35.000000000000014
35.00000000000002
35.00000000000002
35.00000000000001
35.00000000000003
35.00000000000003
35.000000000000014
35.000000000000036
35.00000000000004
35.00000000000005
35.00000000000005
34.99999999999999
35.0
34.999999999999986
35.000000000000014
34.99999999999999
34.99999999999997
35.00000000000007
34.99999999999998
34.99999999999999
34.99999999999997
35.00000000000011
35.00000000000025
34.99999999999767
35.00000000000157
34.999999999998636
34.999999999999964
35.00000000000006
35.00000000000006
35.00000000000006
35.000000000000064
U Velocity:
0.0
0.0
0.0
0.0
0.0
0.0
0.0
0.0
0.0
0.0
0.0
0.0
0.0
0.0
0.0
0.0
0.0
0.0
0.0
0.0
0.0
0.0
0.0
0.0
0.0
0.0
0.0
0.0
0.0
0.0
0.0
0.0
0.0
0.0
0.0
0.0
0.0
0.0
0.0
0.0
0.0
0.0
0.0
0.0
0.0
0.0
0.0
0.0
0.0
0.0
0.0
0.0
0.0
0.0
0.0
0.0
0.0
0.0
0.0
0.0
0.0
0.0
0.0
0.0
0.0
0.0
0.0
0.0
0.0
0.0
0.0
0.0
0.0
0.0
0.0
0.0
0.0
0.0
0.0
0.0
0.0
0.0
0.0
0.0
0.0
0.0
0.0
0.0
0.0
0.0
0.0
0.0
0.0
0.0
0.0
0.0
0.0
0.0
0.0
0.0
0.0
0.0
0.0
0.0
0.0
0.0
0.0
0.0
0.0
0.0
0.0
0.0
0.0
0.0
0.0
0.0
0.0
0.0
0.0
0.0
0.0
0.0
0.0
0.0
0.0
0.0
0.0
0.0
0.0
0.0
0.0
0.0
0.0
0.0
0.0
0.0
0.0
0.0
0.0
0.0
0.0
0.0
0.0
0.0
0.0
0.0
0.0
0.0
0.0
0.0
0.0
0.0
0.0
0.0
0.0
0.0
0.0
0.0
0.0
0.0
0.0
0.0
0.0
0.0
0.0
0.0
0.0
0.0
0.0
0.0
0.0
0.0
0.0
0.0
0.0
0.0
0.0
0.0
0.0
0.0
0.0
0.0
0.0
0.0
0.0
0.0
0.0
0.0
0.0
0.0
0.0
0.0
0.0
0.0
0.0
0.0
0.0
0.0
0.0
0.0
V Velocity:
0.0
0.0
0.0
0.0
0.0
0.0
0.0
0.0
0.0
0.0
0.0
0.0
0.0
0.0
0.0
0.0
0.0
0.0
0.0
0.0
0.0
0.0
0.0
0.0
0.0
0.0
0.0
0.0
0.0
0.0
0.0
0.0
0.0
0.0
0.0
0.0
0.0
0.0
0.0
0.0
0.0
0.0
0.0
0.0
0.0
0.0
0.0
0.0
0.0
0.0
0.0
0.0
0.0
0.0
0.0
0.0
0.0
0.0
0.0
0.0
0.0
0.0
0.0
0.0
0.0
0.0
0.0
0.0
0.0
0.0
0.0
0.0
0.0
0.0
0.0
0.0
0.0
0.0
0.0
0.0
0.0
0.0
0.0
0.0
0.0
0.0
0.0
0.0
0.0
0.0
0.0
0.0
0.0
0.0
0.0
0.0
0.0
0.0
0.0
0.0
0.0
0.0
0.0
0.0
0.0
0.0
0.0
0.0
0.0
0.0
0.0
0.0
0.0
0.0
0.0
0.0
0.0
0.0
0.0
0.0
0.0
0.0
0.0
0.0
0.0
0.0
0.0
0.0
0.0
0.0
0.0
0.0
0.0
0.0
0.0
0.0
0.0
0.0
0.0
0.0
0.0
0.0
0.0
0.0
0.0
0.0
0.0
0.0
0.0
0.0
0.0
0.0
0.0
0.0
0.0
0.0
0.0
0.0
0.0
0.0
0.0
0.0
0.0
0.0
0.0
0.0
0.0
0.0
0.0
0.0
0.0
0.0
0.0
0.0
0.0
0.0
0.0
0.0
0.0
0.0
0.0
0.0
0.0
0.0
0.0
0.0
0.0
0.0
0.0
0.0
0.0
0.0
0.0
0.0
0.0
0.0
0.0
0.0
0.0
0.0
604800.0
Temperature:
9.000000000000018
9.000000000000012
9.000000000000014
9.000000000000012
9.000000000000004
9.000000000000007
9.000000000000007
9.000000000000004
9.000000000000004
9.0
8.999999999999995
8.999999999999996
8.999999999999993
8.999999999999986
8.999999999999984
8.999999999999984
8.999999999999991
8.999999999999991
8.999999999999991
8.999999999999993
8.999999999999995
8.999999999999996
9.000000000000005
9.000000000000002
9.000000000000004
9.000000000000004
9.000000000000007
9.000000000000009
9.00000000000001
9.00000000000002
9.00000000000002
9.000000000000014
9.000000000000018
9.000000000000014
9.000000000000023
9.000000000000018
9.00000000000002
9.000000000000012
9.000000000000018
9.000000000000021
9.000000000000014
9.000000000000007
9.0
8.999999999999988
8.999999999999982
8.999999999999975
8.99999999999998
8.999999999999979
8.99999999999998
8.99999999999998
8.999999999999991
8.999999999999995
8.99999999999999
8.99999999999999
8.999999999999986
8.999999999999982
8.999999999999986
8.999999999999986
8.999999999999986
8.999999999999984
8.999999999999986
8.999999999999986
8.99999999999998
8.999999999999988
8.999999999999993
8.999999999999998
8.999999999999991
8.999999999999988
8.999999999999993
9.0
8.999999999999996
8.999999999999998
9.0
9.000000000000002
8.999999999999998
8.999999999999996
8.999999999999988
8.999999999999996
8.99999999999999
8.999999999999982
8.999999999999984
8.99999999999999
8.99999999999999
8.999999999999986
8.999999999999984
8.999999999999982
8.999999999999984
8.999999999999988
8.999999999999991
8.999999999999996
8.999999999999995
8.999999999999996
9.000000000000004
9.000000000000005
9.000000000000005
9.000000000000009
9.000000000000016
9.000000000000018
9.000000000000014
9.000000000000016
9.000000000000012
9.000000000000009
9.000000000000004
9.000000000000007
9.000000000000007
9.000000000000012
9.000000000000009
9.000000000000005
9.000000000000014
9.000000000000018
9.000000000000018
9.000000000000016
9.000000000000009
9.000000000000009
9.000000000000007
9.000000000000005
9.000000000000004
9.000000000000007
9.000000000000007
9.000000000000002
9.0
9.000000000000004
9.00000000000001
9.000000000000009
9.00000000000001
9.000000000000016
9.000000000000014
9.00000000000001
9.000000000000009
9.000000000000014
9.000000000000007
9.00000000000001
9.000000000000007
9.000000000000004
9.00000000000001
9.000000000000004
9.000000000000007
9.00000000000001
9.000000000000009
9.000000000000007
9.000000000000009
9.000000000000002
8.999999999999995
9.000000000000002
9.000000000000004
9.000000000000012
9.000000000000023
9.000000000000032
9.000000000000046
9.000000000000075
9.000000000000115
9.00000000000017
9.000000000000263
9.00000000000042
9.000000000000664
9.00000000000103
9.000000000001581
9.000000000002403
9.000000000003634
9.000000000005432
9.000000000008036
9.00000000001177
9.000000000017067
9.000000000024526
9.000000000034902
9.000000000049187
9.000000000068695
9.000000000095065
9.000000000130441
9.000000000177506
9.000000000239638
9.000000000321174
9.000000000427592
9.000000000566079
9.000000000746287
9.000000000981997
9.000000001295382
9.000000001727507
9.000000002339124
9.000000003232705
9.000000004593884
9.000000006784697
9.00000001057455
9.000000017795196
9.000000033661163
9.000000076781404
9.000000239421633
9.000001286963284
9.000018955485332
9.001668367536494
9.501391313379491
10.4999831595257
11.499983080307597
12.49998467877995
13.500014331836228
14.520716306548362
14.84724558068907
14.846658791612406
14.845754746120736
14.843879551023758
Salinity:
35.0
34.99999999999998
34.99999999999991
34.999999999999915
34.999999999999936
34.99999999999996
34.99999999999995
34.999999999999936
34.999999999999915
34.99999999999989
34.999999999999915
34.999999999999936
34.99999999999995
34.99999999999996
34.999999999999964
34.999999999999986
34.99999999999999
34.99999999999999
35.000000000000014
35.000000000000014
35.00000000000003
35.000000000000036
35.00000000000004
35.00000000000004
35.00000000000005
35.00000000000007
35.00000000000008
35.0000000000001
35.00000000000008
35.00000000000008
35.000000000000064
35.00000000000005
35.00000000000005
35.00000000000005
35.00000000000003
35.00000000000004
35.00000000000005
35.000000000000014
35.00000000000004
35.00000000000006
35.00000000000002
35.00000000000003
35.00000000000003
35.00000000000001
34.99999999999998
34.999999999999986
34.99999999999999
34.999999999999986
34.99999999999998
34.99999999999998
35.00000000000001
35.000000000000014
34.999999999999986
34.999999999999986
34.99999999999997
34.99999999999994
34.999999999999964
34.99999999999996
34.999999999999964
34.99999999999998
34.999999999999986
34.99999999999999
34.999999999999964
34.999999999999964
34.999999999999986
35.00000000000001
34.99999999999999
34.999999999999986
35.00000000000001
35.00000000000005
35.000000000000064
35.00000000000009
35.0000000000001
35.00000000000009
35.0000000000001
35.00000000000009
35.00000000000006
35.00000000000006
35.00000000000002
34.99999999999999
34.999999999999986
34.99999999999999
34.99999999999998
34.99999999999997
34.999999999999986
34.99999999999999
34.99999999999998
34.999999999999986
34.99999999999997
35.00000000000001
35.000000000000014
35.00000000000001
35.00000000000002
35.000000000000014
35.000000000000014
35.00000000000003
35.00000000000004
35.000000000000014
35.00000000000002
35.000000000000014
35.00000000000001
35.00000000000001
35.00000000000001
35.000000000000014
35.00000000000001
35.000000000000014
35.00000000000001
35.00000000000002
35.00000000000005
35.00000000000003
35.000000000000014
35.000000000000036
35.000000000000036
35.000000000000036
35.00000000000004
35.000000000000036
35.00000000000002
35.00000000000003
35.000000000000036
35.000000000000036
35.00000000000002
35.000000000000036
35.000000000000036
35.000000000000014
35.00000000000002
35.000000000000036
35.00000000000006
35.00000000000004
35.00000000000003
35.000000000000036
35.00000000000003
35.00000000000002
34.99999999999998
34.999999999999964
34.999999999999964
34.999999999999936
34.99999999999995
34.99999999999994
34.99999999999994
34.99999999999993
34.99999999999996
34.999999999999964
34.999999999999936
34.99999999999994
34.99999999999996
34.99999999999997
34.99999999999999
35.000000000000014
35.00000000000005
35.00000000000006
35.00000000000007
35.00000000000004
35.000000000000014
35.0
35.00000000000002
34.999999999999986
35.00000000000001
35.00000000000001
35.00000000000001
35.000000000000014
35.00000000000001
34.99999999999997
34.99999999999996
34.999999999999964
34.99999999999995
34.999999999999936
34.999999999999915
34.99999999999995
34.99999999999996
34.99999999999998
35.00000000000002
35.00000000000004
35.00000000000006
35.00000000000005
35.000000000000036
35.00000000000002
35.00000000000001
35.000000000000014
35.0
35.00000000000004
35.000000000000064
35.00000000000004
35.0
35.000000000000036
35.00000000000006
35.0
34.999999999999986
34.9999999999999
35.00000000000005
34.999999999999964
35.00000000000007
35.00000000000022
34.99999999999729
35.000000000001876
34.99999999999846
34.99999999999989
35.000000000000085
35.000000000000085
35.00000000000009
35.000000000000085
U Velocity:
0.0
0.0
0.0
0.0
0.0
0.0
0.0
0.0
0.0
0.0
0.0
0.0
0.0
0.0
0.0
0.0
0.0
0.0
0.0
0.0
0.0
0.0
0.0
0.0
0.0
0.0
0.0
0.0
0.0
0.0
0.0
0.0
0.0
0.0
0.0
0.0
0.0
0.0
0.0
0.0
0.0
0.0
0.0
0.0
0.0
0.0
0.0
0.0
0.0
0.0
0.0
0.0
0.0
0.0
0.0
0.0
0.0
0.0
0.0
0.0
0.0
0.0
0.0
0.0
0.0
0.0
0.0
0.0
0.0
0.0
0.0
0.0
0.0
0.0
0.0
0.0
0.0
0.0
0.0
0.0
0.0
0.0
0.0
0.0
0.0
0.0
0.0
0.0
0.0
0.0
0.0
0.0
0.0
0.0
0.0
0.0
0.0
0.0
0.0
0.0
0.0
0.0
0.0
0.0
0.0
0.0
0.0
0.0
0.0
0.0
0.0
0.0
0.0
0.0
0.0
0.0
0.0
0.0
0.0
0.0
0.0
0.0
0.0
0.0
0.0
0.0
0.0
0.0
0.0
0.0
0.0
0.0
0.0
0.0
0.0
0.0
0.0
0.0
0.0
0.0
0.0
0.0
0.0
0.0
0.0
0.0
0.0
0.0
0.0
0.0
0.0
0.0
0.0
0.0
0.0
0.0
0.0
0.0
0.0
0.0
0.0
0.0
0.0
0.0
0.0
0.0
0.0
0.0
0.0
0.0
0.0
0.0
0.0
0.0
0.0
0.0
0.0
0.0
0.0
0.0
0.0
0.0
0.0
0.0
0.0
0.0
0.0
0.0
0.0
0.0
0.0
0.0
0.0
0.0
0.0
0.0
0.0
0.0
0.0
0.0
V Velocity:
0.0
0.0
0.0
0.0
0.0
0.0
0.0
0.0
0.0
0.0
0.0
0.0
0.0
0.0
0.0
0.0
0.0
0.0
0.0
0.0
0.0
0.0
0.0
0.0
0.0
0.0
0.0
0.0
0.0
0.0
0.0
0.0
0.0
0.0
0.0
0.0
0.0
0.0
0.0
0.0
0.0
0.0
0.0
0.0
0.0
0.0
0.0
0.0
0.0
0.0
0.0
0.0
0.0
0.0
0.0
0.0
0.0
0.0
0.0
0.0
0.0
0.0
0.0
0.0
0.0
0.0
0.0
0.0
0.0
0.0
0.0
0.0
0.0
0.0
0.0
0.0
0.0
0.0
0.0
0.0
0.0
0.0
0.0
0.0
0.0
0.0
0.0
0.0
0.0
0.0
0.0
0.0
0.0
0.0
0.0
0.0
0.0
0.0
0.0
0.0
0.0
0.0
0.0
0.0
0.0
0.0
0.0
0.0
0.0
0.0
0.0
0.0
0.0
0.0
0.0
0.0
0.0
0.0
0.0
0.0
0.0
0.0
0.0
0.0
0.0
0.0
0.0
0.0
0.0
0.0
0.0
0.0
0.0
0.0
0.0
0.0
0.0
0.0
0.0
0.0
0.0
0.0
0.0
0.0
0.0
0.0
0.0
0.0
0.0
0.0
0.0
0.0
0.0
0.0
0.0
0.0
0.0
0.0
0.0
0.0
0.0
0.0
0.0
0.0
0.0
0.0
0.0
0.0
0.0
0.0
0.0
0.0
0.0
0.0
0.0
0.0
0.0
0.0
0.0
0.0
0.0
0.0
0.0
0.0
0.0
0.0
0.0
0.0
0.0
0.0
0.0
0.0
0.0
0.0
0.0
0.0
0.0
0.0
0.0
0.0
691200.0
Temperature:
9.000000000000018
9.000000000000012
9.000000000000012
9.000000000000012
9.000000000000007
9.000000000000004
9.000000000000004
9.0
9.0
9.000000000000002
8.999999999999995
8.999999999999988
8.999999999999991
8.999999999999995
9.000000000000002
8.999999999999998
8.999999999999996
8.999999999999991
8.99999999999999
8.99999999999999
8.999999999999995
8.999999999999996
9.0
8.999999999999998
9.000000000000002
8.999999999999995
9.000000000000002
9.000000000000004
9.000000000000004
9.000000000000007
9.000000000000014
9.000000000000016
9.000000000000023
9.000000000000018
9.000000000000014
9.000000000000018
9.000000000000023
9.000000000000016
9.000000000000007
9.000000000000002
9.000000000000002
8.999999999999998
8.999999999999991
8.999999999999986
8.99999999999999
8.999999999999984
8.999999999999986
8.999999999999988
8.999999999999982
8.999999999999982
8.999999999999984
8.999999999999986
8.999999999999986
8.99999999999999
8.999999999999995
8.999999999999991
8.999999999999986
8.999999999999979
8.999999999999975
8.999999999999973
8.999999999999979
8.999999999999982
8.999999999999988
8.999999999999991
8.999999999999988
8.999999999999995
9.0
9.000000000000004
9.00000000000001
9.00000000000001
9.00000000000001
9.00000000000001
9.000000000000005
9.0
8.999999999999993
8.999999999999995
8.99999999999999
8.999999999999991
8.999999999999984
8.999999999999982
8.99999999999998
8.99999999999998
8.999999999999984
8.999999999999991
8.999999999999996
9.0
8.999999999999996
8.999999999999993
8.999999999999988
8.999999999999984
8.999999999999991
8.999999999999996
8.999999999999995
8.999999999999995
9.000000000000005
9.000000000000004
9.000000000000005
9.000000000000009
9.000000000000009
9.00000000000001
9.00000000000001
9.000000000000004
9.000000000000002
8.999999999999998
8.999999999999998
8.999999999999993
8.999999999999996
8.999999999999996
9.0
9.000000000000002
9.000000000000007
9.000000000000007
9.000000000000002
9.000000000000005
9.000000000000004
9.0
9.0
9.000000000000004
9.000000000000004
9.00000000000001
9.00000000000002
9.000000000000021
9.000000000000021
9.000000000000016
9.000000000000016
9.000000000000009
9.000000000000007
9.000000000000009
9.000000000000009
9.00000000000001
9.000000000000005
9.000000000000004
9.000000000000007
9.000000000000009
9.000000000000014
9.00000000000002
9.000000000000027
9.000000000000023
9.00000000000002
9.000000000000023
9.000000000000025
9.000000000000016
9.000000000000016
9.00000000000002
9.000000000000034
9.000000000000043
9.000000000000059
9.000000000000089
9.000000000000144
9.00000000000022
9.000000000000341
9.000000000000526
9.000000000000808
9.000000000001219
9.000000000001823
9.000000000002702
9.000000000003961
9.000000000005766
9.000000000008317
9.000000000011893
9.000000000016865
9.000000000023709
9.000000000033051
9.000000000045684
9.000000000062634
9.000000000085208
9.000000000115017
9.0000000001541
9.000000000205018
9.000000000270905
9.00000000035575
9.000000000464516
9.000000000603565
9.00000000078147
9.000000001009981
9.000000001307173
9.000000001706185
9.000000002254746
9.000000003029148
9.000000004159128
9.000000005881478
9.00000000865561
9.000000013456722
9.000000022623059
9.000000042818158
9.000000097791109
9.00000030448441
9.00000162057617
9.0000232353895
9.001904908549324
9.501589834034661
10.499981066508058
11.499980661888696
12.49998249915123
13.500020860996282
14.523383951549866
14.82529719032772
14.824714776263129
14.823811208217414
14.821936876323074
Salinity:
35.0
34.99999999999998
34.99999999999991
34.99999999999991
34.9999999999999
34.99999999999989
34.999999999999915
34.99999999999992
34.99999999999993
34.999999999999964
34.99999999999993
34.9999999999999
34.99999999999991
34.99999999999993
34.99999999999996
34.99999999999999
34.999999999999986
35.0
35.0
35.000000000000014
35.0
35.000000000000036
35.00000000000007
35.00000000000009
35.00000000000011
35.000000000000064
35.00000000000011
35.0000000000001
35.000000000000085
35.00000000000008
35.00000000000008
35.000000000000085
35.00000000000007
35.000000000000036
35.00000000000002
35.00000000000006
35.00000000000007
35.00000000000005
35.00000000000002
35.00000000000001
35.00000000000001
35.00000000000003
35.00000000000001
35.0
35.0
35.00000000000001
35.00000000000001
34.999999999999986
34.99999999999997
34.99999999999998
34.99999999999998
34.99999999999998
34.999999999999986
34.999999999999964
34.999999999999986
34.99999999999996
34.99999999999993
34.999999999999915
34.99999999999993
34.99999999999992
34.99999999999996
34.99999999999997
35.000000000000014
35.00000000000006
35.00000000000004
35.000000000000036
35.00000000000004
35.00000000000007
35.00000000000007
35.00000000000011
35.00000000000011
35.000000000000114
35.0000000000001
35.00000000000007
35.00000000000005
35.00000000000005
35.000000000000036
35.00000000000002
35.00000000000001
34.99999999999999
34.99999999999999
34.999999999999986
35.0
35.000000000000014
35.00000000000004
35.00000000000004
35.00000000000003
35.00000000000001
35.0
35.0
35.0
35.000000000000014
35.000000000000014
35.00000000000001
35.000000000000014
35.000000000000036
35.000000000000036
35.000000000000014
34.999999999999986
35.0
35.000000000000014
34.99999999999999
34.99999999999999
34.99999999999994
34.99999999999994
34.99999999999993
34.99999999999995
34.99999999999998
34.999999999999986
34.99999999999999
35.00000000000001
35.00000000000003
35.00000000000002
35.000000000000014
35.00000000000002
35.00000000000002
35.00000000000002
35.000000000000036
35.000000000000014
35.00000000000005
35.000000000000064
35.00000000000007
35.00000000000007
35.00000000000005
35.000000000000036
35.00000000000002
34.99999999999999
34.99999999999998
34.99999999999998
34.99999999999997
34.99999999999998
34.99999999999998
34.999999999999986
34.99999999999998
35.0
35.00000000000001
34.99999999999999
35.0
35.0
34.999999999999986
34.99999999999997
34.99999999999997
34.999999999999964
34.99999999999997
34.999999999999986
35.0
34.99999999999999
35.00000000000003
35.00000000000005
35.000000000000036
35.000000000000014
35.000000000000036
35.00000000000003
34.99999999999999
35.00000000000002
35.00000000000001
34.999999999999986
34.99999999999997
34.99999999999997
34.99999999999994
34.99999999999994
34.99999999999997
34.999999999999986
34.99999999999997
34.99999999999998
34.99999999999997
35.0
34.99999999999999
35.00000000000001
35.00000000000002
35.00000000000003
35.000000000000014
35.00000000000001
35.00000000000001
35.00000000000003
35.000000000000014
35.000000000000014
35.00000000000001
35.000000000000014
35.00000000000005
35.00000000000007
35.00000000000007
35.00000000000006
35.000000000000014
34.99999999999999
34.99999999999998
35.00000000000002
34.9999999999999
34.99999999999998
34.999999999999964
35.00000000000007
35.000000000000156
34.99999999999686
35.000000000002245
34.99999999999847
34.999999999999815
35.0000000000001
35.0000000000001
35.00000000000011
35.00000000000011
U Velocity:
0.0
0.0
0.0
0.0
0.0
0.0
0.0
0.0
0.0
0.0
0.0
0.0
0.0
0.0
0.0
0.0
0.0
0.0
0.0
0.0
0.0
0.0
0.0
0.0
0.0
0.0
0.0
0.0
0.0
0.0
0.0
0.0
0.0
0.0
0.0
0.0
0.0
0.0
0.0
0.0
0.0
0.0
0.0
0.0
0.0
0.0
0.0
0.0
0.0
0.0
0.0
0.0
0.0
0.0
0.0
0.0
0.0
0.0
0.0
0.0
0.0
0.0
0.0
0.0
0.0
0.0
0.0
0.0
0.0
0.0
0.0
0.0
0.0
0.0
0.0
0.0
0.0
0.0
0.0
0.0
0.0
0.0
0.0
0.0
0.0
0.0
0.0
0.0
0.0
0.0
0.0
0.0
0.0
0.0
0.0
0.0
0.0
0.0
0.0
0.0
0.0
0.0
0.0
0.0
0.0
0.0
0.0
0.0
0.0
0.0
0.0
0.0
0.0
0.0
0.0
0.0
0.0
0.0
0.0
0.0
0.0
0.0
0.0
0.0
0.0
0.0
0.0
0.0
0.0
0.0
0.0
0.0
0.0
0.0
0.0
0.0
0.0
0.0
0.0
0.0
0.0
0.0
0.0
0.0
0.0
0.0
0.0
0.0
0.0
0.0
0.0
0.0
0.0
0.0
0.0
0.0
0.0
0.0
0.0
0.0
0.0
0.0
0.0
0.0
0.0
0.0
0.0
0.0
0.0
0.0
0.0
0.0
0.0
0.0
0.0
0.0
0.0
0.0
0.0
0.0
0.0
0.0
0.0
0.0
0.0
0.0
0.0
0.0
0.0
0.0
0.0
0.0
0.0
0.0
0.0
0.0
0.0
0.0
0.0
0.0
V Velocity:
0.0
0.0
0.0
0.0
0.0
0.0
0.0
0.0
0.0
0.0
0.0
0.0
0.0
0.0
0.0
0.0
0.0
0.0
0.0
0.0
0.0
0.0
0.0
0.0
0.0
0.0
0.0
0.0
0.0
0.0
0.0
0.0
0.0
0.0
0.0
0.0
0.0
0.0
0.0
0.0
0.0
0.0
0.0
0.0
0.0
0.0
0.0
0.0
0.0
0.0
0.0
0.0
0.0
0.0
0.0
0.0
0.0
0.0
0.0
0.0
0.0
0.0
0.0
0.0
0.0
0.0
0.0
0.0
0.0
0.0
0.0
0.0
0.0
0.0
0.0
0.0
0.0
0.0
0.0
0.0
0.0
0.0
0.0
0.0
0.0
0.0
0.0
0.0
0.0
0.0
0.0
0.0
0.0
0.0
0.0
0.0
0.0
0.0
0.0
0.0
0.0
0.0
0.0
0.0
0.0
0.0
0.0
0.0
0.0
0.0
0.0
0.0
0.0
0.0
0.0
0.0
0.0
0.0
0.0
0.0
0.0
0.0
0.0
0.0
0.0
0.0
0.0
0.0
0.0
0.0
0.0
0.0
0.0
0.0
0.0
0.0
0.0
0.0
0.0
0.0
0.0
0.0
0.0
0.0
0.0
0.0
0.0
0.0
0.0
0.0
0.0
0.0
0.0
0.0
0.0
0.0
0.0
0.0
0.0
0.0
0.0
0.0
0.0
0.0
0.0
0.0
0.0
0.0
0.0
0.0
0.0
0.0
0.0
0.0
0.0
0.0
0.0
0.0
0.0
0.0
0.0
0.0
0.0
0.0
0.0
0.0
0.0
0.0
0.0
0.0
0.0
0.0
0.0
0.0
0.0
0.0
0.0
0.0
0.0
0.0
777600.0
Temperature:
9.000000000000018
9.000000000000012
9.000000000000012
9.00000000000001
9.000000000000007
9.000000000000004
8.999999999999998
8.999999999999996
8.999999999999988
8.99999999999999
8.999999999999988
8.999999999999991
8.999999999999991
8.999999999999998
9.000000000000004
8.999999999999998
8.999999999999995
8.999999999999995
8.999999999999995
9.000000000000007
9.000000000000005
9.000000000000004
9.000000000000004
9.00000000000001
9.00000000000001
9.000000000000009
9.000000000000005
9.000000000000004
8.999999999999993
8.999999999999993
9.000000000000005
9.00000000000001
9.000000000000021
9.000000000000023
9.000000000000018
9.00000000000001
9.00000000000001
9.000000000000005
8.999999999999998
9.000000000000002
8.999999999999998
8.999999999999998
8.999999999999993
8.999999999999986
8.99999999999999
8.999999999999986
8.999999999999982
8.999999999999986
8.999999999999984
8.999999999999979
8.99999999999998
8.999999999999975
8.999999999999982
8.999999999999979
8.999999999999975
8.999999999999964
8.999999999999964
8.999999999999964
8.999999999999968
8.999999999999973
8.999999999999975
8.999999999999975
8.999999999999984
8.999999999999991
8.999999999999991
8.999999999999998
9.0
9.000000000000007
9.000000000000009
9.000000000000018
9.000000000000016
9.000000000000012
9.000000000000016
9.000000000000012
9.000000000000009
9.000000000000004
9.000000000000004
8.99999999999999
8.999999999999986
8.999999999999982
8.999999999999984
8.999999999999991
8.999999999999993
8.999999999999991
8.999999999999988
8.999999999999984
8.999999999999984
8.999999999999988
8.999999999999993
8.999999999999991
8.999999999999986
8.999999999999988
8.999999999999995
8.999999999999998
9.000000000000004
9.000000000000007
9.000000000000014
9.00000000000001
9.000000000000005
9.000000000000007
9.000000000000012
9.000000000000012
9.000000000000002
9.000000000000005
9.000000000000007
9.000000000000005
9.00000000000001
9.000000000000014
9.00000000000001
9.000000000000012
9.000000000000009
9.000000000000005
9.000000000000009
9.000000000000014
9.000000000000014
9.000000000000009
9.000000000000016
9.000000000000014
9.000000000000014
9.000000000000025
9.000000000000036
9.00000000000003
9.000000000000018
9.000000000000023
9.000000000000012
9.000000000000009
9.000000000000009
9.000000000000002
9.000000000000004
9.000000000000009
9.000000000000004
9.000000000000005
9.000000000000004
9.000000000000012
9.000000000000016
9.000000000000021
9.000000000000027
9.00000000000003
9.00000000000003
9.000000000000032
9.00000000000003
9.00000000000003
9.000000000000036
9.000000000000053
9.000000000000076
9.000000000000117
9.000000000000185
9.000000000000279
9.000000000000414
9.000000000000616
9.000000000000915
9.000000000001346
9.000000000001968
9.000000000002853
9.000000000004102
9.00000000000585
9.000000000008274
9.000000000011593
9.00000000001614
9.000000000022302
9.00000000003056
9.000000000041595
9.000000000056188
9.00000000007537
9.000000000100421
9.000000000132864
9.00000000017467
9.00000000022819
9.000000000296366
9.000000000382796
9.000000000491994
9.000000000629596
9.000000000803118
9.000000001022672
9.000000001302883
9.000000001670045
9.000000002163114
9.000000002839032
9.000000003792268
9.000000005183315
9.000000007304271
9.000000010723566
9.00000001664368
9.000000027970987
9.000000052987179
9.000000121146867
9.000000376582662
9.000001986418487
9.000027812647811
9.002141091700425
9.501788291753627
10.499979052452039
11.499978243706424
12.499980323007026
13.500028395727103
14.525948044106174
14.803374059596502
14.802796413616484
14.801893427035289
14.800020075862529
Salinity:
35.0
34.99999999999998
34.99999999999992
34.99999999999989
34.99999999999989
34.9999999999999
34.999999999999886
34.99999999999989
34.9999999999999
34.999999999999936
34.99999999999992
34.999999999999936
34.999999999999936
34.99999999999996
34.99999999999997
34.99999999999997
34.99999999999999
34.99999999999998
34.999999999999964
35.00000000000002
35.00000000000003
35.000000000000014
35.00000000000003
35.00000000000008
35.00000000000008
35.00000000000008
35.000000000000085
35.00000000000009
35.00000000000006
35.00000000000006
35.00000000000005
35.00000000000005
35.000000000000064
35.00000000000008
35.00000000000006
35.00000000000004
35.000000000000036
35.0
34.99999999999997
34.99999999999999
35.00000000000001
35.000000000000014
35.0
34.999999999999986
35.0
35.00000000000001
35.0
34.999999999999986
34.999999999999964
34.99999999999996
34.99999999999996
34.99999999999995
34.99999999999998
34.99999999999998
34.99999999999995
34.99999999999993
34.99999999999993
34.99999999999993
34.999999999999936
34.99999999999996
34.99999999999998
34.99999999999999
35.000000000000014
35.000000000000014
35.000000000000014
35.000000000000036
35.00000000000005
35.00000000000007
35.00000000000007
35.00000000000011
35.00000000000012
35.00000000000009
35.00000000000008
35.00000000000007
35.000000000000085
35.00000000000009
35.00000000000009
35.00000000000008
35.00000000000007
35.000000000000036
35.00000000000003
35.000000000000036
35.00000000000004
35.00000000000005
35.00000000000003
35.000000000000014
35.000000000000014
35.000000000000014
35.000000000000036
35.00000000000003
35.0
35.000000000000014
35.0
34.99999999999999
35.000000000000014
35.000000000000014
35.00000000000003
35.00000000000001
34.99999999999999
34.999999999999986
35.0
35.0
35.00000000000001
35.0
35.00000000000001
34.99999999999999
35.00000000000001
35.00000000000003
35.00000000000004
35.00000000000002
35.00000000000002
35.000000000000014
35.00000000000003
35.00000000000004
35.000000000000036
35.000000000000014
35.00000000000002
35.00000000000003
35.00000000000002
35.000000000000064
35.00000000000009
35.000000000000085
35.00000000000004
35.00000000000004
35.00000000000001
34.99999999999997
34.99999999999999
34.99999999999999
34.999999999999986
34.999999999999986
34.99999999999997
34.999999999999964
34.99999999999994
34.99999999999997
35.0
35.0
35.00000000000001
35.00000000000001
35.000000000000014
35.00000000000002
35.00000000000001
35.0
34.999999999999986
34.999999999999986
34.99999999999998
34.999999999999986
34.99999999999998
35.00000000000001
35.00000000000001
35.0
35.0
35.0
34.999999999999986
34.99999999999999
34.99999999999999
35.0
34.999999999999986
34.99999999999996
34.99999999999997
34.99999999999998
34.99999999999995
34.999999999999964
34.99999999999994
34.99999999999994
34.99999999999997
35.0
35.000000000000014
35.000000000000014
35.00000000000002
35.000000000000036
35.0
34.999999999999986
35.000000000000014
35.000000000000014
35.0
34.999999999999986
34.99999999999998
34.999999999999986
35.00000000000004
35.00000000000004
35.00000000000008
35.00000000000008
35.00000000000007
35.000000000000036
35.00000000000004
34.999999999999986
35.00000000000003
34.999999999999865
34.999999999999844
35.00000000000002
35.0000000000001
35.00000000000011
34.999999999996405
35.00000000000254
34.999999999998536
34.99999999999981
35.00000000000009
35.00000000000009
35.00000000000009
35.0000000000001
U Velocity:
0.0
0.0
0.0
0.0
0.0
0.0
0.0
0.0
0.0
0.0
0.0
0.0
0.0
0.0
0.0
0.0
0.0
0.0
0.0
0.0
0.0
0.0
0.0
0.0
0.0
0.0
0.0
0.0
0.0
0.0
0.0
0.0
0.0
0.0
0.0
0.0
0.0
0.0
0.0
0.0
0.0
0.0
0.0
0.0
0.0
0.0
0.0
0.0
0.0
0.0
0.0
0.0
0.0
0.0
0.0
0.0
0.0
0.0
0.0
0.0
0.0
0.0
0.0
0.0
0.0
0.0
0.0
0.0
0.0
0.0
0.0
0.0
0.0
0.0
0.0
0.0
0.0
0.0
0.0
0.0
0.0
0.0
0.0
0.0
0.0
0.0
0.0
0.0
0.0
0.0
0.0
0.0
0.0
0.0
0.0
0.0
0.0
0.0
0.0
0.0
0.0
0.0
0.0
0.0
0.0
0.0
0.0
0.0
0.0
0.0
0.0
0.0
0.0
0.0
0.0
0.0
0.0
0.0
0.0
0.0
0.0
0.0
0.0
0.0
0.0
0.0
0.0
0.0
0.0
0.0
0.0
0.0
0.0
0.0
0.0
0.0
0.0
0.0
0.0
0.0
0.0
0.0
0.0
0.0
0.0
0.0
0.0
0.0
0.0
0.0
0.0
0.0
0.0
0.0
0.0
0.0
0.0
0.0
0.0
0.0
0.0
0.0
0.0
0.0
0.0
0.0
0.0
0.0
0.0
0.0
0.0
0.0
0.0
0.0
0.0
0.0
0.0
0.0
0.0
0.0
0.0
0.0
0.0
0.0
0.0
0.0
0.0
0.0
0.0
0.0
0.0
0.0
0.0
0.0
0.0
0.0
0.0
0.0
0.0
0.0
V Velocity:
0.0
0.0
0.0
0.0
0.0
0.0
0.0
0.0
0.0
0.0
0.0
0.0
0.0
0.0
0.0
0.0
0.0
0.0
0.0
0.0
0.0
0.0
0.0
0.0
0.0
0.0
0.0
0.0
0.0
0.0
0.0
0.0
0.0
0.0
0.0
0.0
0.0
0.0
0.0
0.0
0.0
0.0
0.0
0.0
0.0
0.0
0.0
0.0
0.0
0.0
0.0
0.0
0.0
0.0
0.0
0.0
0.0
0.0
0.0
0.0
0.0
0.0
0.0
0.0
0.0
0.0
0.0
0.0
0.0
0.0
0.0
0.0
0.0
0.0
0.0
0.0
0.0
0.0
0.0
0.0
0.0
0.0
0.0
0.0
0.0
0.0
0.0
0.0
0.0
0.0
0.0
0.0
0.0
0.0
0.0
0.0
0.0
0.0
0.0
0.0
0.0
0.0
0.0
0.0
0.0
0.0
0.0
0.0
0.0
0.0
0.0
0.0
0.0
0.0
0.0
0.0
0.0
0.0
0.0
0.0
0.0
0.0
0.0
0.0
0.0
0.0
0.0
0.0
0.0
0.0
0.0
0.0
0.0
0.0
0.0
0.0
0.0
0.0
0.0
0.0
0.0
0.0
0.0
0.0
0.0
0.0
0.0
0.0
0.0
0.0
0.0
0.0
0.0
0.0
0.0
0.0
0.0
0.0
0.0
0.0
0.0
0.0
0.0
0.0
0.0
0.0
0.0
0.0
0.0
0.0
0.0
0.0
0.0
0.0
0.0
0.0
0.0
0.0
0.0
0.0
0.0
0.0
0.0
0.0
0.0
0.0
0.0
0.0
0.0
0.0
0.0
0.0
0.0
0.0
0.0
0.0
0.0
0.0
0.0
0.0
864000.0
Temperature:
9.000000000000018
9.000000000000012
9.000000000000012
9.000000000000009
9.000000000000004
8.999999999999995
8.999999999999991
8.999999999999986
8.999999999999982
8.999999999999979
8.999999999999982
8.99999999999999
8.999999999999993
8.999999999999995
8.999999999999995
8.999999999999996
8.999999999999998
9.000000000000002
9.0
9.0
9.000000000000005
9.000000000000007
9.000000000000007
9.000000000000007
9.000000000000002
9.000000000000002
8.999999999999998
9.000000000000004
9.000000000000004
8.999999999999998
8.999999999999998
9.000000000000009
9.00000000000002
9.000000000000018
9.00000000000002
9.000000000000014
9.000000000000012
9.000000000000007
9.000000000000002
9.000000000000005
9.000000000000002
8.999999999999998
8.99999999999999
8.999999999999982
8.99999999999998
8.999999999999982
8.999999999999977
8.999999999999972
8.999999999999968
8.999999999999964
8.999999999999966
8.999999999999966
8.999999999999957
8.999999999999964
8.999999999999964
8.999999999999964
8.999999999999966
8.999999999999968
8.999999999999964
8.99999999999997
8.999999999999973
8.999999999999972
8.999999999999982
8.999999999999991
8.999999999999988
8.99999999999999
9.0
9.000000000000004
9.000000000000014
9.000000000000014
9.000000000000021
9.000000000000027
9.000000000000025
9.000000000000014
9.000000000000009
9.000000000000002
9.0
9.0
8.999999999999995
8.999999999999995
9.0
9.000000000000002
9.000000000000004
9.000000000000002
9.000000000000002
8.999999999999996
8.999999999999995
8.999999999999995
8.999999999999984
8.999999999999982
8.999999999999986
8.999999999999984
8.999999999999984
8.999999999999984
8.99999999999999
8.999999999999998
8.999999999999996
9.0
8.999999999999995
8.999999999999998
9.000000000000002
9.000000000000004
9.0
8.999999999999998
9.000000000000009
9.000000000000014
9.00000000000001
9.000000000000005
8.999999999999998
8.999999999999996
9.0
9.0
9.0
9.0
9.000000000000004
9.000000000000005
9.000000000000002
9.000000000000009
9.000000000000014
9.000000000000021
9.000000000000028
9.000000000000037
9.000000000000027
9.000000000000023
9.00000000000002
9.000000000000016
9.000000000000014
9.000000000000014
9.000000000000012
9.000000000000009
9.000000000000007
9.00000000000001
9.000000000000014
9.000000000000014
9.00000000000002
9.000000000000027
9.000000000000028
9.000000000000032
9.000000000000036
9.000000000000044
9.00000000000006
9.000000000000076
9.000000000000105
9.000000000000147
9.000000000000222
9.000000000000327
9.000000000000474
9.00000000000069
9.000000000000997
9.000000000001435
9.000000000002053
9.000000000002917
9.000000000004114
9.000000000005754
9.000000000007992
9.00000000001102
9.000000000015108
9.000000000020574
9.00000000002783
9.000000000037383
9.000000000049889
9.000000000066143
9.000000000087136
9.000000000114094
9.000000000148493
9.000000000192165
9.0000000002473
9.000000000316614
9.000000000403345
9.00000000051162
9.000000000646395
9.000000000814325
9.000000001023931
9.00000000128749
9.000000001625127
9.000000002069385
9.000000002664075
9.00000000347854
9.000000004626495
9.000000006302418
9.000000008859578
9.000000012985396
9.000000020131745
9.000000033834432
9.000000064159044
9.000000146821241
9.00000045559009
9.000002383592282
9.000032672655154
9.00237693280325
9.501986686472053
10.499977117271865
11.49997582579301
12.499978150726895
13.500036894180646
14.528403977130845
14.781477287239612
14.780904865670191
14.780002585537598
14.778130354490342
Salinity:
35.0
34.99999999999998
34.999999999999915
34.999999999999915
34.99999999999989
34.99999999999989
34.99999999999991
34.99999999999992
34.9999999999999
34.99999999999989
34.9999999999999
34.99999999999992
34.999999999999936
34.999999999999964
34.99999999999997
34.99999999999998
34.99999999999999
35.000000000000014
35.0
35.00000000000001
35.00000000000001
34.99999999999999
35.00000000000001
35.00000000000004
35.00000000000005
35.000000000000064
35.00000000000004
35.00000000000004
35.00000000000005
35.00000000000001
35.00000000000002
35.00000000000004
35.000000000000064
35.00000000000005
35.00000000000004
35.00000000000005
35.00000000000006
35.000000000000064
35.0
35.000000000000014
35.00000000000003
35.00000000000002
35.0
34.99999999999997
34.999999999999964
34.99999999999998
34.99999999999998
34.99999999999997
34.99999999999994
34.99999999999994
34.99999999999992
34.99999999999991
34.99999999999989
34.99999999999989
34.99999999999989
34.9999999999999
34.9999999999999
34.9999999999999
34.999999999999886
34.99999999999993
34.99999999999994
34.99999999999995
34.999999999999986
35.00000000000002
35.000000000000014
35.000000000000014
35.00000000000006
35.00000000000007
35.00000000000009
35.0000000000001
35.00000000000013
35.000000000000135
35.00000000000015
35.00000000000011
35.00000000000009
35.00000000000007
35.000000000000064
35.00000000000008
35.00000000000005
35.00000000000004
35.00000000000005
35.00000000000008
35.0000000000001
35.00000000000011
35.00000000000009
35.00000000000006
35.00000000000007
35.00000000000006
35.00000000000002
35.000000000000036
35.000000000000014
34.99999999999998
34.99999999999994
34.999999999999915
34.99999999999994
34.99999999999996
34.99999999999994
34.99999999999997
34.99999999999997
34.99999999999998
34.99999999999997
34.99999999999998
34.99999999999998
34.99999999999999
35.0
35.000000000000014
35.0
34.99999999999998
34.99999999999997
34.99999999999995
34.99999999999995
34.999999999999964
34.99999999999995
34.99999999999995
34.99999999999995
34.99999999999998
35.0
35.0
35.00000000000001
35.00000000000006
35.000000000000085
35.0000000000001
35.00000000000008
35.00000000000005
35.00000000000002
34.99999999999999
34.99999999999999
34.99999999999999
34.99999999999999
34.99999999999999
34.99999999999999
34.99999999999999
34.99999999999999
35.0
35.00000000000002
35.00000000000001
35.0
34.99999999999998
34.99999999999999
35.00000000000001
35.00000000000001
34.99999999999998
34.99999999999994
34.999999999999936
34.99999999999996
34.99999999999998
34.999999999999964
34.99999999999998
34.999999999999986
35.00000000000001
35.00000000000003
35.000000000000036
35.00000000000004
35.0
34.99999999999996
34.99999999999995
34.99999999999993
34.99999999999993
34.99999999999996
34.999999999999964
34.999999999999986
35.00000000000003
35.000000000000014
35.00000000000003
35.000000000000036
35.00000000000003
35.00000000000003
35.000000000000014
34.99999999999999
34.99999999999998
34.999999999999964
34.999999999999986
34.999999999999986
34.99999999999997
34.99999999999998
34.999999999999964
34.999999999999936
34.99999999999996
34.99999999999999
35.00000000000002
35.00000000000004
35.0000000000001
35.00000000000011
35.00000000000013
35.00000000000014
35.00000000000004
35.00000000000001
34.99999999999983
34.999999999999865
35.00000000000002
35.000000000000036
35.00000000000007
34.999999999996064
35.00000000000288
34.999999999998764
34.99999999999974
35.000000000000064
35.00000000000007
35.000000000000064
35.000000000000064
U Velocity:
0.0
0.0
0.0
0.0
0.0
0.0
0.0
0.0
0.0
0.0
0.0
0.0
0.0
0.0
0.0
0.0
0.0
0.0
0.0
0.0
0.0
0.0
0.0
0.0
0.0
0.0
0.0
0.0
0.0
0.0
0.0
0.0
0.0
0.0
0.0
0.0
0.0
0.0
0.0
0.0
0.0
0.0
0.0
0.0
0.0
0.0
0.0
0.0
0.0
0.0
0.0
0.0
0.0
0.0
0.0
0.0
0.0
0.0
0.0
0.0
0.0
0.0
0.0
0.0
0.0
0.0
0.0
0.0
0.0
0.0
0.0
0.0
0.0
0.0
0.0
0.0
0.0
0.0
0.0
0.0
0.0
0.0
0.0
0.0
0.0
0.0
0.0
0.0
0.0
0.0
0.0
0.0
0.0
0.0
0.0
0.0
0.0
0.0
0.0
0.0
0.0
0.0
0.0
0.0
0.0
0.0
0.0
0.0
0.0
0.0
0.0
0.0
0.0
0.0
0.0
0.0
0.0
0.0
0.0
0.0
0.0
0.0
0.0
0.0
0.0
0.0
0.0
0.0
0.0
0.0
0.0
0.0
0.0
0.0
0.0
0.0
0.0
0.0
0.0
0.0
0.0
0.0
0.0
0.0
0.0
0.0
0.0
0.0
0.0
0.0
0.0
0.0
0.0
0.0
0.0
0.0
0.0
0.0
0.0
0.0
0.0
0.0
0.0
0.0
0.0
0.0
0.0
0.0
0.0
0.0
0.0
0.0
0.0
0.0
0.0
0.0
0.0
0.0
0.0
0.0
0.0
0.0
0.0
0.0
0.0
0.0
0.0
0.0
0.0
0.0
0.0
0.0
0.0
0.0
0.0
0.0
0.0
0.0
0.0
0.0
V Velocity:
0.0
0.0
0.0
0.0
0.0
0.0
0.0
0.0
0.0
0.0
0.0
0.0
0.0
0.0
0.0
0.0
0.0
0.0
0.0
0.0
0.0
0.0
0.0
0.0
0.0
0.0
0.0
0.0
0.0
0.0
0.0
0.0
0.0
0.0
0.0
0.0
0.0
0.0
0.0
0.0
0.0
0.0
0.0
0.0
0.0
0.0
0.0
0.0
0.0
0.0
0.0
0.0
0.0
0.0
0.0
0.0
0.0
0.0
0.0
0.0
0.0
0.0
0.0
0.0
0.0
0.0
0.0
0.0
0.0
0.0
0.0
0.0
0.0
0.0
0.0
0.0
0.0
0.0
0.0
0.0
0.0
0.0
0.0
0.0
0.0
0.0
0.0
0.0
0.0
0.0
0.0
0.0
0.0
0.0
0.0
0.0
0.0
0.0
0.0
0.0
0.0
0.0
0.0
0.0
0.0
0.0
0.0
0.0
0.0
0.0
0.0
0.0
0.0
0.0
0.0
0.0
0.0
0.0
0.0
0.0
0.0
0.0
0.0
0.0
0.0
0.0
0.0
0.0
0.0
0.0
0.0
0.0
0.0
0.0
0.0
0.0
0.0
0.0
0.0
0.0
0.0
0.0
0.0
0.0
0.0
0.0
0.0
0.0
0.0
0.0
0.0
0.0
0.0
0.0
0.0
0.0
0.0
0.0
0.0
0.0
0.0
0.0
0.0
0.0
0.0
0.0
0.0
0.0
0.0
0.0
0.0
0.0
0.0
0.0
0.0
0.0
0.0
0.0
0.0
0.0
0.0
0.0
0.0
0.0
0.0
0.0
0.0
0.0
0.0
0.0
0.0
0.0
0.0
0.0
0.0
0.0
0.0
0.0
0.0
0.0
